INFO:transfers3:	1_1_000000000-A14NU.515_BUSTARD-2013-06-12.fq.gz	2304.3901052474976	58.64	39.29723917543482	85	7	3
INFO:transfers3:	1_1_000000000-A1DN1.400_BUSTARD-2012-09-26.fq.gz	1148.5077152252197	21.89	52.467232308141604	45	5	3
INFO:transfers3:	1_1_000000000-A1DNA.396_BUSTARD-2012-09-17.fq.gz	803.364128112793	16.369999999999997	49.07538962203989	80	6	3
INFO:transfers3:	1_1_000000000-A1E6Y.388_BUSTARD-2012-09-05.fq.gz	1296.862910270691	28.12	46.118880166098535	30	9	3
INFO:transfers3:	1_1_000000000-A1E88.384_BUSTARD-2012-08-28.fq.gz	1183.5211992263794	26.77	44.210728398445255	65	6	3
INFO:transfers3:	1_1_000000000-A1EAN.402_BUSTARD-2012-10-09.fq.gz	312.6910161972046	7.8100000000000005	40.03726199708125	70	9	1
INFO:transfers3:	1_1_000000000-A1EFL.386_BUSTARD-2012-08-31.fq.gz	1105.2926273345947	21.450000000000003	51.528793815132616	80	2	3
INFO:transfers3:	1_1_000000000-A1JC6.395_BUSTARD-2012-09-17.fq.gz	912.5670862197876	19.650000000000002	46.44107309006552	25	2	1
INFO:transfers3:	1_1_000000000-A1K3R.394_BUSTARD-2011-09-14.fq.gz	780.7194290161133	20.31	38.44014913914886	35	2	1
INFO:transfers3:	1_1_000000000-A1NNA.420_BUSTARD-2012-11-15.fq.gz	791.0267953872681	21.03	37.61420805455388	30	8	2
INFO:transfers3:	1_1_000000000-A1NWR.421_BUSTARD-2012-11-15.fq.gz	541.8955736160278	14.45	37.50142377965591	95	5	2
INFO:transfers3:	1_1_000000000-A1NWU.418_BUSTARD-2012-11-06.fq.gz	1170.983868598938	34.870000000000005	33.581412922252305	85	7	2
INFO:transfers3:	1_1_000000000-A1NY4.406_BUSTARD-2012-10-11.fq.gz	596.3802623748779	20.42	29.205693554107633	10	6	1
INFO:transfers3:	1_1_000000000-A1NY6.424_BUSTARD-2012-11-21.fq.gz	780.4934616088867	19.16	40.73556688981663	85	5	1
INFO:transfers3:	1_1_000000000-A1NY8.390_BUSTARD-2012-09-07.fq.gz	607.5439653396606	11.21	54.196607077579	75	4	1
INFO:transfers3:	1_1_000000000-A1NYC.408_BUSTARD-2012-09-15.fq.gz	684.6450605392456	13.56	50.490048712333746	25	5	3
INFO:transfers3:	1_1_000000000-A1P6E.411_BUSTARD-2012-10-22.fq.gz	787.0027751922607	16.16	48.700666781699304	75	6	3
INFO:transfers3:	1_1_000000000-A1P6K.423_BUSTARD-2012-11-19.fq.gz	424.39421463012695	7.57	56.06264394057159	15	2	3
INFO:transfers3:	1_1_000000000-A1P9C.415_BUSTARD-2012-10-26.fq.gz	893.6296672821045	17.75	50.34533336800589	10	5	3
INFO:transfers3:	1_1_000000000-A1PKE.419_BUSTARD-2012-11-08.fq.gz	1437.9972276687622	32.419999999999995	44.35525069922154	80	9	3
INFO:transfers3:	1_1_000000000-A1PKF.405_BUSTARD-2012-10-11.fq.gz	501.9322900772095	8.35	60.111651506252635	75	1	1
INFO:transfers3:	1_1_000000000-A1PKH.409_BUSTARD-2012-09-15.fq.gz	760.4903554916382	13.2	57.612905719063505	65	2	2
INFO:transfers3:	1_1_000000000-A1PWW.412_BUSTARD-2012-10-22.fq.gz	837.5245189666748	13.690000000000001	61.17783191867602	35	1	1
INFO:transfers3:	1_1_000000000-A1T80.389_BUSTARD-2012-09-05.fq.gz	1174.1173601150513	22.75	51.609554290771484	75	5	1
INFO:transfers3:	1_1_000000000-A2137.453_BUSTARD-2013-01-28.fq.gz	2237.180934906006	41.04	54.51220601622821	25	4	2
INFO:transfers3:	1_1_000000000-A21BP.448_BUSTARD-2013-01-14.fq.gz	1289.247447013855	28.380000000000003	45.42802843600616	25	7	1
INFO:transfers3:	1_1_000000000-A21GF.441_BUSTARD-2013-01-03.fq.gz	509.8691883087158	11.08	46.01707475710432	85	8	2
INFO:transfers3:	1_1_000000000-A21GG.428_BUSTARD-2012-12-04.fq.gz	1288.9268102645874	21.349999999999998	60.37127916930152	50	1	1
INFO:transfers3:	1_1_000000000-A21JE.446_BUSTARD-2013-01-04.fq.gz	1433.0378589630127	31.08	46.108039220174156	85	7	1
INFO:transfers3:	1_1_000000000-A21JH.430_BUSTARD-2012-12-06.fq.gz	2063.2734899520874	44.15	46.73326138056823	25	7	3
INFO:transfers3:	1_1_000000000-A21JK.436_BUSTARD-2012-12-14.fq.gz	2006.3391799926758	34.46	58.22226291331038	85	2	2
INFO:transfers3:	1_1_000000000-A21K2.431_BUSTARD-2012-12-06.fq.gz	769.6533517837524	13.030000000000001	59.06779369023426	70	2	1
INFO:transfers3:	1_1_000000000-A21K4.451_BUSTARD-2013-01-24.fq.gz	1143.518744468689	25.56	44.738605026161544	15	8	1
INFO:transfers3:	1_1_000000000-A21K6.444_BUSTARD-2013-01-04.fq.gz	425.71238136291504	8.82	48.266709905092405	35	6	1
INFO:transfers3:	1_1_000000000-A21KN.426_BUSTARD-2012-11-26.fq.gz	1421.6106023788452	31.32	45.389865976336054	90	8	2
INFO:transfers3:	1_1_000000000-A21KP.433_BUSTARD-2012-12-13.fq.gz	374.18940830230713	8.389999999999999	44.59945271779585	15	8	2
INFO:transfers3:	1_1_000000000-A21KW.452_BUSTARD-2013-01-28.fq.gz	2374.592388153076	52.949999999999996	44.84593745331589	55	8	2
INFO:transfers3:	1_1_000000000-A2215.440_BUSTARD-2012-12-21.fq.gz	2421.462968826294	43.769999999999996	55.32243474586004	30	3	2
INFO:transfers3:	1_1_000000000-A2216.443_BUSTARD-2013-01-04.fq.gz	610.7380409240723	13.29	45.95470586336135	45	7	1
INFO:transfers3:	1_1_000000000-A2257.427_BUSTARD-2012-12-04.fq.gz	796.615984916687	16.3	48.87214631390717	75	5	1
INFO:transfers3:	1_1_000000000-A225G.445_BUSTARD-2013-01-04.fq.gz	2574.995183944702	55.3	46.56410820876496	65	8	1
INFO:transfers3:	1_1_000000000-A225L.449_BUSTARD-2013-01-15.fq.gz	2411.147374153137	40.46	59.59336070571273	15	1	1
INFO:transfers3:	1_1_000000000-A225N.425_BUSTARD-2012-11-26.fq.gz	1523.0307092666626	28.13	54.142577649010406	75	4	1
INFO:transfers3:	1_1_000000000-A228C.439_BUSTARD-2012-12-18.fq.gz	1535.2587699890137	32.29	47.545951377795404	80	8	1
INFO:transfers3:	1_1_000000000-A23V2.459_BUSTARD-2013-02-04.fq.gz	1403.879651069641	26.490000000000002	52.996589319352246	40	5	1
INFO:transfers3:	1_1_000000000-A23WB.458_BUSTARD-2013-02-04.fq.gz	1489.9593601226807	30.05	49.582674213733135	15	8	1
INFO:transfers3:	1_1_000000000-A25U2.460_BUSTARD-2013-02-05.fq.gz	1526.567226409912	30.57	49.936775479552246	95	7	3
INFO:transfers3:	1_1_000000000-A28Y3.466_BUSTARD-2013-03-11.fq.gz	2315.3497829437256	47.379999999999995	48.86766110054297	60	7	3
INFO:transfers3:	1_1_000000000-A291V.463_BUSTARD-2013-02-25.fq.gz	2374.21821308136	47.31	50.18427844179581	55	6	1
INFO:transfers3:	1_1_000000000-A2NYM.505_BUSTARD-2013-06-10.fq.gz	2126.3317441940308	42.3	50.26788993366503	30	7	2
INFO:transfers3:	1_1_000000000-A2P1L.498_unknown-0000-00-00.fq.gz	575.8426113128662	10.610000000000001	54.27357316803639	80	3	2
INFO:transfers3:	1_1_000000000-A2P1L.510_BUSTARD-2013-06-04.fq.gz	575.8426113128662	12.04	47.82745941136763	10	7	1
INFO:transfers3:	1_1_000000000-A2P1P.500_unknown-0000-00-00.fq.gz	2380.6871337890625	46.660000000000004	51.02201315450198	20	6	3
INFO:transfers3:	1_1_000000000-A2P1P.506_BUSTARD-2013-06-06.fq.gz	2380.6871337890625	47.25	50.3849128844246	60	6	2
INFO:transfers3:	1_1_000000000-A2P1W.504_BUSTARD-2013-06-10.fq.gz	1962.194637298584	37.629999999999995	52.144422994913214	85	5	1
INFO:transfers3:	1_1_000000000-A2PPG.511_BUSTARD-2013-06-06.fq.gz	2312.9606828689575	44.8	51.62858667118209	55	5	3
INFO:transfers3:	1_1_000000000-A33EL.473_BUSTARD-2013-04-11.fq.gz	1843.251519203186	38.239999999999995	48.20218407958123	95	9	1
INFO:transfers3:	1_1_000000000-A35PG.484_BUSTARD-2013-05-09.fq.gz	1492.4252099990845	29.94	49.84720140277503	95	6	2
INFO:transfers3:	1_1_000000000-A35PH.487_BUSTARD-2013-05-15.fq.gz	775.7968244552612	14.35	54.062496477718554	75	3	2
INFO:transfers3:	1_1_000000000-A363Y.493_BUSTARD-2013-05-31.fq.gz	3008.51748752594	60.26	49.92561379897013	15	7	3
INFO:transfers3:	1_1_000000000-A3642.486_BUSTARD-2013-05-13.fq.gz	2576.749711036682	44.57	57.81354523304201	65	2	3
INFO:transfers3:	1_1_000000000-A364J.485_BUSTARD-2013-05-13.fq.gz	2488.6392488479614	50.93	48.86391613681448	35	7	3
INFO:transfers3:	1_1_000000000-A3653.482_BUSTARD-2013-05-08.fq.gz	979.3107643127441	21.1	46.41283243188361	40	9	1
INFO:transfers3:	1_1_000000000-A3658.495_unknown-0000-00-00.fq.gz	507.3338289260864	10.200000000000001	49.73861067902808	70	5	2
INFO:transfers3:	1_1_000000000-A3658.507_BUSTARD-2013-06-03.fq.gz	507.3338289260864	9.33	54.376616176429415	25	3	3
INFO:transfers3:	1_1_000000000-A365G.483_BUSTARD-2013-05-08.fq.gz	2209.780004501343	39.22	56.34319236362424	90	2	1
INFO:transfers3:	1_1_000000000-A365L.494_BUSTARD-2013-05-31.fq.gz	2234.847930908203	46.62	47.937536055517015	60	7	1
INFO:transfers3:	1_1_000000000-A365P.508_BUSTARD-2013-06-03.fq.gz	2763.990635871887	59.089999999999996	46.775945775459256	80	9	1
INFO:transfers3:	1_1_000000000-A365T.612_BUSTARD-2014-04-21.fq.gz	1186.5808811187744	22.46	52.830849560052286	85	4	1
INFO:transfers3:	1_1_000000000-A3665.475_BUSTARD-2013-04-25.fq.gz	3089.4115438461304	62.379999999999995	49.52567399560966	20	7	2
INFO:transfers3:	1_1_000000000-A368C.479_BUSTARD-2013-05-06.fq.gz	1770.9805192947388	32.050000000000004	55.256802474094805	55	3	1
INFO:transfers3:	1_1_000000000-A368W.480_BUSTARD-2013-05-06.fq.gz	2778.508511543274	56.809999999999995	48.908792669306	80	6	2
INFO:transfers3:	1_1_000000000-A3BJF.464_BUSTARD-2013-03-01.fq.gz	2627.0782527923584	53.37	49.22387582522688	20	7	3
INFO:transfers3:	1_1_000000000-A3C9R.516_BUSTARD-2013-06-14.fq.gz	1588.857385635376	33.25	47.78518453038725	60	7	1
INFO:transfers3:	1_1_000000000-A3LFP.565_BUSTARD-2013-10-23.fq.gz	372.4983549118042	7.49	49.732757665127394	50	7	1
INFO:transfers3:	1_1_000000000-A3LG6.564_BUSTARD-2013-10-23.fq.gz	1251.9745111465454	25.34	49.40704463877449	65	6	2
INFO:transfers3:	1_1_000000000-A3RGE.467_BUSTARD-2013-03-13.fq.gz	1874.9462881088257	40.14	46.71017160211324	65	7	2
INFO:transfers3:	1_1_000000000-A3RPL.520_BUSTARD-2013-06-19.fq.gz	1671.2671566009521	34.22	48.83889995911608	50	8	2
INFO:transfers3:	1_1_000000000-A3RR8.468_BUSTARD-2013-03-20.fq.gz	908.3659973144531	15.3	59.370326621859675	20	1	1
INFO:transfers3:	1_1_000000000-A3RYW.522_BUSTARD-2013-06-24.fq.gz	1401.9172773361206	28.68	48.88135555565274	20	6	1
INFO:transfers3:	1_1_000000000-A3T2P.474_BUSTARD-2013-04-12.fq.gz	1956.3075466156006	35.63	54.90618991343251	85	3	3
INFO:transfers3:	1_1_000000000-A3T55.472_BUSTARD-2013-04-02.fq.gz	1800.7813158035278	36.47	49.3770582891014	80	6	3
INFO:transfers3:	1_1_000000000-A3T74.471_BUSTARD-2013-04-03.fq.gz	1636.1592121124268	30.18	54.213360242293795	20	3	1
INFO:transfers3:	1_1_000000000-A3T7C.521_BUSTARD-2013-06-24.fq.gz	1369.5565385818481	27.91	49.07045999934963	30	8	2
INFO:transfers3:	1_1_000000000-A3T8M.519_BUSTARD-2013-06-19.fq.gz	1705.243805885315	31.52	54.10037455219908	30	3	2
INFO:transfers3:	1_1_000000000-A3VYM.517_BUSTARD-2013-06-18.fq.gz	1224.1220607757568	21.259999999999998	57.57864820205818	10	1	1
INFO:transfers3:	1_1_000000000-A4011.523_BUSTARD-2013-06-26.fq.gz	1023.047064781189	19.73	51.85236010041505	70	4	3
INFO:transfers3:	1_1_000000000-A48MP.532_BUSTARD-2013-08-05.fq.gz	2121.7356605529785	39.559999999999995	53.63335845684982	10	4	3
INFO:transfers3:	1_1_000000000-A48VW.533_BUSTARD-2013-08-05.fq.gz	2457.0427713394165	50.67	48.49107502150022	10	7	1
INFO:transfers3:	1_1_000000000-A4A9R.583_BUSTARD-2014-01-02.fq.gz	785.786187171936	16.89	46.523752940908	85	8	1
INFO:transfers3:	1_1_000000000-A4BAY.561_BUSTARD-2013-10-17.fq.gz	873.8846168518066	15.980000000000002	54.68614623603295	20	3	2
INFO:transfers3:	1_1_000000000-A4ERW.537_BUSTARD-2013-08-07.fq.gz	1799.484655380249	34.31	52.44781857709848	10	3	3
INFO:transfers3:	1_1_000000000-A4F9E.531_BUSTARD-2013-07-29.fq.gz	395.33641052246094	8.86	44.620362361451576	40	9	2
INFO:transfers3:	1_1_000000000-A4FVJ.536_BUSTARD-2013-08-07.fq.gz	1702.3019361495972	33.62	50.633609046686416	70	7	3
INFO:transfers3:	1_1_000000000-A4HHR.529_BUSTARD-2013-07-26.fq.gz	267.180456161499	5.529999999999999	48.31472986645552	20	6	1
INFO:transfers3:	1_1_000000000-A4HJL.530_BUSTARD-2013-07-26.fq.gz	290.14545154571533	5.7299999999999995	50.63620445824003	65	4	2
INFO:transfers3:	1_1_000000000-A4JWP.544_BUSTARD-2013-08-16.fq.gz	1159.449336051941	25.299999999999997	45.82803699810044	25	9	3
INFO:transfers3:	1_1_000000000-A4KHJ.543_BUSTARD-2013-08-15.fq.gz	1985.9936428070068	35.96	55.227854360595295	25	4	3
INFO:transfers3:	1_1_000000000-A4LUY.560_BUSTARD-2013-10-15.fq.gz	1286.509017944336	22.849999999999998	56.30236402382215	20	1	3
INFO:transfers3:	1_1_000000000-A4LWN.600_BUSTARD-2014-03-31.fq.gz	1875.3670272827148	41.47	45.22225771118194	25	8	3
INFO:transfers3:	1_1_000000000-A4LY9.575_BUSTARD-2013-07-27.fq.gz	212.92874240875244	4.8	44.3601546684901	45	9	1
INFO:transfers3:	1_1_000000000-A4LYC.589_BUSTARD-2014-01-22.fq.gz	1880.7610721588135	33.23	56.598286854011846	20	1	1
INFO:transfers3:	1_1_000000000-A4LYK.559_BUSTARD-2013-10-15.fq.gz	124.24973487854004	2.3499999999999996	52.872227607889386	75	2	2
INFO:transfers3:	1_1_000000000-A4M08.582_BUSTARD-2013-12-19.fq.gz	858.2327795028687	17.86	48.053347116621985	10	5	1
INFO:transfers3:	1_1_000000000-A4M0J.609_BUSTARD-2014-04-16.fq.gz	1164.4839029312134	20.2	57.647717966891754	75	1	1
INFO:transfers3:	1_1_000000000-A4M0L.606_BUSTARD-2014-04-04.fq.gz	579.9558000564575	10.52	55.12887833236289	50	3	3
INFO:transfers3:	1_1_000000000-A4M7N.611_BUSTARD-2014-04-21.fq.gz	1301.1845397949219	23.08	56.377146438254854	90	2	2
INFO:transfers3:	1_1_000000000-A4M7P.601_BUSTARD-2014-03-31.fq.gz	3485.4741048812866	75.73	46.02501128854201	55	9	3
INFO:transfers3:	1_1_000000000-A4M7U.605_BUSTARD-2014-04-04.fq.gz	931.8131818771362	18.48	50.42279122711776	25	6	2
INFO:transfers3:	1_1_000000000-A4M84.608_BUSTARD-2014-04-15.fq.gz	861.7577219009399	17.57	49.04710995452134	50	8	1
INFO:transfers3:	1_1_000000000-A4M8G.602_BUSTARD-2014-04-01.fq.gz	1845.4540433883667	35.779999999999994	51.57781004439259	15	4	1
INFO:transfers3:	1_1_000000000-A4M9N.613_BUSTARD-2014-04-21.fq.gz	1129.3001794815063	23.54	47.973669476699506	75	8	2
INFO:transfers3:	1_1_000000000-A4MU0.571_BUSTARD-2013-11-20.fq.gz	988.8161573410034	19.34	51.128032954550335	25	5	1
INFO:transfers3:	1_1_000000000-A4MVW.566_BUSTARD-2013-10-25.fq.gz	3828.9451808929443	81.16000000000001	47.1777375664483	25	8	1
INFO:transfers3:	1_1_000000000-A4NDB.574_BUSTARD-2013-11-22.fq.gz	1384.9888181686401	25.82	53.64015562233308	60	2	2
INFO:transfers3:	1_1_000000000-A4NDP.540_BUSTARD-2013-08-12.fq.gz	440.6793622970581	8.8	50.077200261029326	85	4	3
INFO:transfers3:	1_1_000000000-A4NDT.541_BUSTARD-2013-08-13.fq.gz	294.54063606262207	5.54	53.16617979469712	50	4	2
INFO:transfers3:	1_1_000000000-A4NJT.593_BUSTARD-2014-02-14.fq.gz	2104.5544605255127	43.35	48.547969100934544	40	5	3
INFO:transfers3:	1_1_000000000-A4P44.569_BUSTARD-2013-11-13.fq.gz	826.7534112930298	16.82	49.15299710422293	35	7	3
INFO:transfers3:	1_1_000000000-A4P47.568_BUSTARD-2013-11-13.fq.gz	760.0790519714355	17.31	43.90982391516093	25	9	1
INFO:transfers3:	1_1_000000000-A4P6R.573_BUSTARD-2013-11-22.fq.gz	1453.883568763733	28.89	50.32480334938501	85	5	2
INFO:transfers3:	1_1_000000000-A4P6T.588_BUSTARD-2014-01-22.fq.gz	2680.5783557891846	52.46	51.097566827853306	95	5	1
INFO:transfers3:	1_1_000000000-A4P71.580_BUSTARD-2013-12-16.fq.gz	1043.296778678894	22.810000000000002	45.73856986755344	75	9	3
INFO:transfers3:	1_1_000000000-A4P7L.590_BUSTARD-2014-01-27.fq.gz	1817.891595840454	32.0	56.80911237001419	90	2	3
INFO:transfers3:	1_1_000000000-A4PAN.587_BUSTARD-2014-01-08.fq.gz	2484.187424659729	46.44	53.49240793840933	80	3	1
INFO:transfers3:	1_1_000000000-A4PBU.577_BUSTARD-2013-12-02.fq.gz	1068.0212936401367	20.8	51.34717757885272	80	5	3
INFO:transfers3:	1_1_000000000-A4PC8.586_BUSTARD-2014-01-06.fq.gz	368.9455690383911	7.860000000000001	46.93963982676731	40	8	1
INFO:transfers3:	1_1_000000000-A4PNF.603_BUSTARD-2014-04-03.fq.gz	4063.0185680389404	73.77000000000001	55.0768411012463	70	2	2
INFO:transfers3:	1_1_000000000-A5557.548_BUSTARD-2013-09-05.fq.gz	2110.643569946289	38.73	54.49634830741775	80	3	3
INFO:transfers3:	1_1_000000000-A558K.553_BUSTARD-2013-10-04.fq.gz	878.0974760055542	18.11	48.48688437358113	50	7	1
INFO:transfers3:	1_1_000000000-A5591.549_BUSTARD-2013-09-19.fq.gz	455.7452983856201	8.850000000000001	51.4966438853808	55	5	2
INFO:transfers3:	1_1_000000000-A6P27.607_BUSTARD-2014-04-11.fq.gz	1462.810128211975	31.44	46.5270397013987	20	9	1
INFO:transfers3:	1_1_000000000-A6P4Y.594_BUSTARD-2014-02-18.fq.gz	1371.7915258407593	27.06	50.694439240235006	20	5	1
INFO:transfers3:	1_1_000000000-A6R1T.639_BUSTARD-2014-06-25.fq.gz	781.7188863754272	16.92	46.20087980942241	60	9	3
INFO:transfers3:	1_1_000000000-A74CM.599_BUSTARD-2014-03-10.fq.gz	1093.94801902771	24.18	45.24185355780438	75	9	2
INFO:transfers3:	1_1_000000000-A74FV.598_BUSTARD-2014-03-06.fq.gz	1341.3221826553345	27.78	48.2837358767219	40	7	1
INFO:transfers3:	1_1_000000000-A74KG.595_BUSTARD-2014-02-20.fq.gz	1706.1855239868164	32.72	52.14503435167532	95	5	1
INFO:transfers3:	1_1_000000000-A75U3.596_BUSTARD-2014-02-20.fq.gz	2005.577896118164	35.91	55.85012242044456	35	2	1
INFO:transfers3:	1_1_000000000-A75U4.576_BUSTARD-2013-12-02.fq.gz	577.4764804840088	12.59	45.86786977633112	55	9	2
INFO:transfers3:	1_1_000000000-A77MF.615_BUSTARD-2014-04-23.fq.gz	953.4556941986084	19.5	48.89516380505684	30	6	2
INFO:transfers3:	1_1_000000000-A7HDL.636_BUSTARD-2014-06-23.fq.gz	2116.0428924560547	44.58	47.466193191028594	20	7	3
INFO:transfers3:	1_1_000000000-A84EA.624_BUSTARD-2014-05-30.fq.gz	666.2070865631104	13.02	51.16797899870279	65	4	3
INFO:transfers3:	1_1_000000000-A8Y2M.641_BUSTARD-2014-07-02.fq.gz	927.0201225280762	16.8	55.17976919809977	90	2	3
INFO:transfers3:	1_1_000000000-A9098.617_BUSTARD-2014-04-30.fq.gz	429.3181629180908	8.950000000000001	47.968509823250365	40	7	2
INFO:transfers3:	1_1_000000000-A90A2.635_BUSTARD-2014-06-18.fq.gz	1754.976209640503	30.529999999999998	57.483662287602456	80	1	1
INFO:transfers3:	1_1_000000000-A90BM.640_BUSTARD-2014-07-02.fq.gz	643.1460485458374	12.649999999999999	50.84158486528359	30	5	1
INFO:transfers3:	1_1_000000000-A90BP.628_BUSTARD-2014-06-09.fq.gz	689.2539663314819	13.540000000000001	50.905019669976504	10	5	3
INFO:transfers3:	1_1_000000000-A90BR.626_BUSTARD-2014-06-05.fq.gz	1059.2354154586792	22.32	47.45678384671502	75	7	2
INFO:transfers3:	1_1_000000000-A90BT.632_BUSTARD-2014-06-16.fq.gz	1244.726113319397	21.35	58.300988914257466	55	1	2
INFO:transfers3:	1_1_000000000-A90C1.634_BUSTARD-2014-06-19.fq.gz	1934.811876296997	37.849999999999994	51.11788312541605	45	4	1
INFO:transfers3:	1_1_000000000-A90CB.622_BUSTARD-2014-05-19.fq.gz	1934.957145690918	38.269999999999996	50.56067796422572	40	5	3
INFO:transfers3:	1_1_000000000-A90CC.619_BUSTARD-2014-05-09.fq.gz	1217.491177558899	25.84	47.116531639276275	80	9	1
INFO:transfers3:	1_1_000000000-A90CM.618_BUSTARD-2014-05-09.fq.gz	469.6701135635376	9.15	51.33006705612433	15	5	3
INFO:transfers3:	1_1_000000000-A90FL.616_BUSTARD-2014-04-30.fq.gz	469.03527450561523	10.11	46.393202226074706	35	9	3
INFO:transfers3:	1_1_000000000-A90FW.633_BUSTARD-2014-06-17.fq.gz	2597.9845294952393	48.98	53.04174212934339	15	4	3
INFO:transfers3:	1_1_000000000-A90G2.627_BUSTARD-2014-06-09.fq.gz	625.6324777603149	12.33	50.740671351201534	90	6	1
INFO:transfers3:	1_1_000000000-A90N6.637_BUSTARD-2013-06-23.fq.gz	1588.6706266403198	27.55	57.66499552233466	50	1	3
INFO:transfers3:	1_1_000000000-A9TUD.642_BUSTARD-2014-07-11.fq.gz	1727.196855545044	35.01	49.33438604813036	30	8	1
INFO:transfers3:	1_1_000000000-A9U2P.650_BUSTARD-2014-08-08.fq.gz	1101.0783405303955	19.34	56.932695994332754	30	2	3
INFO:transfers3:	1_1_000000000-A9U8T.654_BUSTARD-2014-08-26.fq.gz	791.5143928527832	14.88	53.19317156268704	25	5	1
INFO:transfers3:	1_1_000000000-A9UA1.647_BUSTARD-2014-07-28.fq.gz	1379.9940938949585	25.91	53.261061130642936	80	3	2
INFO:transfers3:	1_1_000000000-A9WRR.648_BUSTARD-2014-08-01.fq.gz	2389.694477081299	45.64	52.35965111922215	50	4	2
INFO:transfers3:	1_1_000000000-A9WVT.653_BUSTARD-2014-08-25.fq.gz	540.37828540802	10.73	50.36144318807269	30	6	1
INFO:transfers3:	1_1_000000000-A9YJ5.655_BUSTARD-2014-09-09.fq.gz	855.8938817977905	17.09	50.08156125206498	30	6	1
INFO:transfers3:	1_1_000000000-AA07F.656_BUSTARD-2014-09-12.fq.gz	1514.7099876403809	31.899999999999995	47.483071712864614	50	8	3
INFO:transfers3:	1_1_000000000-AA2J2.649_BUSTARD-2014-08-01.fq.gz	1506.3888721466064	31.859999999999996	47.28150885582569	95	9	2
INFO:transfers3:	1_1_000000000-AA2JK.658_BUSTARD-2014-09-17.fq.gz	1069.4829845428467	21.81	49.03635875941526	15	7	1
INFO:transfers3:	1_1_000000000-AA2K7.676_BUSTARD-2014-10-17.fq.gz	1098.0579528808594	19.07	57.58038557319661	55	2	2
INFO:transfers3:	1_1_000000000-AA829.666_BUSTARD-2014-10-01.fq.gz	1212.7806034088135	25.759999999999998	47.07999236835457	35	9	1
INFO:transfers3:	1_1_000000000-AA8CG.659_BUSTARD-2014-09-17.fq.gz	1456.430214881897	26.77	54.4053124722412	20	4	3
INFO:transfers3:	1_1_000000000-AA8U4.671_BUSTARD-2014-10-07.fq.gz	1703.3330183029175	31.12	54.734351487882954	45	3	3
INFO:transfers3:	1_1_000000000-AA8UD.673_BUSTARD-2014-10-10.fq.gz	893.7841558456421	16.74	53.39212400511602	80	3	1
INFO:transfers3:	1_1_000000000-AA8UK.669_BUSTARD-2014-10-03.fq.gz	1328.3742408752441	23.84	55.72039600986762	40	1	1
INFO:transfers3:	1_1_000000000-AA8V3.670_BUSTARD-2014-10-06.fq.gz	1622.633484840393	29.630000000000003	54.76319557341859	90	4	2
INFO:transfers3:	1_1_000000000-AA8VF.668_BUSTARD-2014-10-03.fq.gz	1374.6283531188965	23.53	58.420244501440564	90	1	3
INFO:transfers3:	1_1_000000000-AA90J.663_BUSTARD-2014-09-30.fq.gz	998.1402769088745	19.2	51.98647275567055	85	5	2
INFO:transfers3:	1_1_000000000-AA90W.678_BUSTARD-2014-10-22.fq.gz	2251.1454429626465	38.37	58.669414724072105	55	1	1
INFO:transfers3:	1_1_000000000-AA918.677_BUSTARD-2014-10-17.fq.gz	1362.047550201416	23.41	58.18229603594259	55	2	3
INFO:transfers3:	1_1_000000000-AAERL.664_BUSTARD-2014-09-30.fq.gz	2256.8367586135864	40.68	55.47779642609603	50	3	1
INFO:transfers3:	1_1_000000000-AAETY.661_BUSTARD-2014-09-17.fq.gz	1473.2346467971802	29.3	50.28104596577407	70	6	1
INFO:transfers3:	1_1_000000000-AAHYA.708_BUSTARD-2015-01-29.fq.gz	1158.992956161499	20.86	55.56054439892134	30	3	2
INFO:transfers3:	1_1_000000000-AAKCW.706_BUSTARD-2015-01-28.fq.gz	1112.9544172286987	20.1	55.37086652879098	80	3	3
INFO:transfers3:	1_1_000000000-AAKFH.703_BUSTARD-2015-01-02.fq.gz	6847.22269153595	144.62	47.34630543172417	30	8	3
INFO:transfers3:	1_1_000000000-AATP3.693_BUSTARD-2014-12-08.fq.gz	1723.6151323318481	35.74	48.22650062484186	50	6	1
INFO:transfers3:	1_1_000000000-AATPA.692_BUSTARD-2014-12-03.fq.gz	443.89081954956055	7.56	58.715716871634996	30	1	1
INFO:transfers3:	1_1_000000000-AAU7M.699_BUSTARD-2014-12-19.fq.gz	569.5162706375122	9.55	59.63521158507981	85	1	2
INFO:transfers3:	1_1_000000000-AAV0D.704_BUSTARD-2015-01-21.fq.gz	1921.9861793518066	38.03	50.53868470554317	30	5	2
INFO:transfers3:	1_1_000000000-AAV0H.683_BUSTARD-2014-10-27.fq.gz	2013.96116065979	36.57	55.07140171342056	20	4	2
INFO:transfers3:	1_1_000000000-AAV2N.687_BUSTARD-2014-11-17.fq.gz	2381.384199142456	41.57	57.28612458846418	80	2	3
INFO:transfers3:	1_1_000000000-AAV2T.686_BUSTARD-2014-11-10.fq.gz	1038.4948816299438	17.63	58.90498477764855	80	1	2
INFO:transfers3:	1_1_000000000-AAV3J.688_BUSTARD-2014-11-17.fq.gz	639.7912721633911	12.600000000000001	50.77708509233262	40	6	2
INFO:transfers3:	1_1_000000000-AAV3V.680_BUSTARD-2014-10-27.fq.gz	2378.9403676986694	47.019999999999996	50.59422304761101	55	6	3
INFO:transfers3:	1_1_000000000-AAV7P.690_BUSTARD-2014-11-21.fq.gz	537.8105583190918	10.940000000000001	49.160014471580595	40	7	2
INFO:transfers3:	1_1_000000000-AAV8N.682_BUSTARD-2014-10-29.fq.gz	2133.5181846618652	40.43	52.770669914960806	80	4	3
INFO:transfers3:	1_1_000000000-AAVA0.689_BUSTARD-2014-11-20.fq.gz	1024.2270784378052	20.220000000000002	50.65415818188947	60	6	3
INFO:transfers3:	1_1_000000000-AAVB3.697_BUSTARD-2014-12-17.fq.gz	1702.7884197235107	33.23	51.242504355206464	70	5	1
INFO:transfers3:	1_1_000000000-AAVFE.729_BUSTARD-2015-03-20.fq.gz	2690.3216857910156	48.919999999999995	54.994310829742766	75	2	1
INFO:transfers3:	1_1_000000000-ABP0F.743_BUSTARD-2015-05-07.fq.gz	1875.399432182312	35.7	52.53219697989669	20	5	1
INFO:transfers3:	1_1_000000000-ABP1B.748_BUSTARD-2015-05-15.fq.gz	510.44188022613525	8.67	58.87449598917362	80	1	2
INFO:transfers3:	1_1_000000000-ABP5A.759_BUSTARD-2015-07-23.fq.gz	2103.5511322021484	45.79	45.93909439183552	70	9	3
INFO:transfers3:	1_1_000000000-ABT5M.696_BUSTARD-2014-12-17.fq.gz	2403.958770751953	48.07	50.00954380594868	30	7	2
INFO:transfers3:	1_1_000000000-ACCKP.762_BUSTARD-2015-08-24.fq.gz	2442.385015487671	47.87	51.02120358236204	10	5	1
INFO:transfers3:	1_1_000000000-ACCND.702_BUSTARD-2014-12-29.fq.gz	884.1826591491699	18.42	48.00123013839141	35	9	3
INFO:transfers3:	1_1_000000000-ACET3.700_BUSTARD-2014-12-23.fq.gz	1204.6373805999756	24.970000000000002	48.24338728874552	50	8	2
INFO:transfers3:	1_1_000000000-ACUGM.701_BUSTARD-2014-12-23.fq.gz	2181.8203125	41.97	51.985234989278055	65	5	2
INFO:transfers3:	1_1_000000000-ACVUW.722_BUSTARD-2015-02-24.fq.gz	867.886531829834	18.150000000000002	47.81743977023878	20	8	1
INFO:transfers3:	1_1_000000000-ACY0Y.734_BUSTARD-2015-03-24.fq.gz	1918.114275932312	41.93	45.74563023926334	30	9	1
INFO:transfers3:	1_1_000000000-ADENY.726_BUSTARD-2015-03-09.fq.gz	2058.7815084457397	34.949999999999996	58.90648092834736	40	1	1
INFO:transfers3:	1_1_000000000-ADEPY.709_BUSTARD-2015-02-03.fq.gz	355.2499666213989	7.34	48.39917801381457	95	6	1
INFO:transfers3:	1_1_000000000-ADER5.730_BUSTARD-2015-03-20.fq.gz	1976.362678527832	33.87	58.35142245432041	95	1	1
INFO:transfers3:	1_1_000000000-ADER6.713_BUSTARD-2015-02-10.fq.gz	1740.143747329712	33.44	52.03779148713254	55	5	1
INFO:transfers3:	1_1_000000000-ADETK.723_BUSTARD-2015-02-27.fq.gz	2035.3971700668335	38.33	53.101935039573014	20	3	1
INFO:transfers3:	1_1_000000000-ADF1K.710_BUSTARD-2015-02-03.fq.gz	880.3543710708618	14.879999999999999	59.16360020637513	50	1	1
INFO:transfers3:	1_1_000000000-ADFN5.712_BUSTARD-2015-02-09.fq.gz	666.5753231048584	12.58	52.9869096267773	35	4	1
INFO:transfers3:	1_1_000000000-ADFN9.738_BUSTARD-2015-04-14.fq.gz	3427.103325843811	70.72	48.46017146272357	35	8	3
INFO:transfers3:	1_1_000000000-ADFNM.728_BUSTARD-2015-03-17.fq.gz	1507.903697013855	28.830000000000002	52.303284669228404	25	4	1
INFO:transfers3:	1_1_000000000-ADFRK.732_BUSTARD-2015-03-24.fq.gz	1070.0406122207642	20.05	53.36860908831741	25	3	1
INFO:transfers3:	1_1_000000000-ADFTN.725_BUSTARD-2015-03-09.fq.gz	2057.409704208374	38.68	53.19053009845848	35	6	3
INFO:transfers3:	1_1_000000000-ADFTW.711_BUSTARD-2015-02-06.fq.gz	1425.515214920044	29.62	48.12677970695624	35	8	1
INFO:transfers3:	1_1_000000000-ADFU0.707_BUSTARD-2015-01-29.fq.gz	1161.7147254943848	23.150000000000002	50.1820615764313	10	5	3
INFO:transfers3:	1_1_000000000-ADFUP.737_BUSTARD-2015-04-14.fq.gz	3529.21839427948	72.75	48.51159304851519	45	6	1
INFO:transfers3:	1_1_000000000-ADFV9.727_BUSTARD-2015-03-17.fq.gz	1845.3085069656372	35.01	52.70804075880141	85	4	1
INFO:transfers3:	1_1_000000000-ADYRF.750_BUSTARD-2015-06-23.fq.gz	1719.4656085968018	30.05	57.22015336428625	20	3	3
INFO:transfers3:	1_1_000000000-AE7AY.739_BUSTARD-2015-04-24.fq.gz	1384.6944017410278	27.41	50.51785486103714	55	7	3
INFO:transfers3:	1_1_000000000-AEUAN.740_BUSTARD-2015-04-29.fq.gz	1803.869457244873	39.53	45.6329232796578	65	7	2
INFO:transfers3:	1_1_000000000-AEUAU.741_BUSTARD-2015-04-29.fq.gz	2305.7365465164185	41.489999999999995	55.57330794206842	90	3	2
INFO:transfers3:	1_1_000000000-AEUBN.742_BUSTARD-2015-05-04.fq.gz	2094.6544609069824	37.62	55.679278599335	15	3	2
INFO:transfers3:	1_1_000000000-AFPVN.826_BUSTARD-2015-10-06.fq.gz	1113.4671392440796	23.380000000000003	47.6247707118939	55	7	3
INFO:transfers3:	1_1_000000000-AFPVV.744_BUSTARD-2015-05-08.fq.gz	1879.2754611968994	36.85	50.99797723736498	60	7	3
INFO:transfers3:	1_1_000000000-AFPWB.745_BUSTARD-2015-05-11.fq.gz	2117.7297954559326	45.449999999999996	46.59471497152767	55	8	2
INFO:transfers3:	1_1_000000000-AFR8D.746_BUSTARD-2015-05-13.fq.gz	2212.6395692825317	45.29	48.85492535399717	30	6	2
INFO:transfers3:	1_1_000000000-AFR8J.752_BUSTARD-2015-06-25.fq.gz	463.99405097961426	8.170000000000002	56.79241750056477	10	2	2
INFO:transfers3:	1_1_000000000-AFTUE.751_BUSTARD-2015-06-23.fq.gz	782.5310106277466	15.629999999999999	50.065963571832796	35	5	1
INFO:transfers3:	1_1_000000000-AJY12.835_BUSTARD-2015-11-02.fq.gz	1866.0463399887085	39.77	46.92095398513222	65	9	2
INFO:transfers3:	1_1_000000000-AR279.914_BUSTARD-2016-05-25.fq.gz	2216.21484375	42.99	51.55186889392882	95	4	3
INFO:transfers3:	1_1_203G8AAXX.18_BUSTARD-2009-03-14.fq.gz	487.4508571624756	10.850000000000001	44.92634628225581	90	9	3
INFO:transfers3:	1_1_203LLAAXX.16_BUSTARD-2008-05-27.fq.gz	148.7572727203369	3.34	44.53810560489129	60	7	2
INFO:transfers3:	1_1_203LLAAXX.23_BUSTARD-2009-03-14.fq.gz	175.9012327194214	3.62	48.591500751221375	70	6	3
INFO:transfers3:	1_1_203MKAAXX.22_BUSTARD-2009-03-14.fq.gz	575.1977024078369	13.120000000000001	43.84128829328025	15	9	1
INFO:transfers3:	1_1_203PUAAXX.13_BUSTARD-2009-03-14.fq.gz	305.602219581604	6.550000000000001	46.65682741703878	55	8	1
INFO:transfers3:	1_1_203PVAAXX.6_BUSTARD-2008-03-18.fq.gz	298.320839881897	5.51	54.141713227204534	10	2	3
INFO:transfers3:	1_1_203R2AAXX.17_BUSTARD-2008-06-21.fq.gz	541.3746786117554	10.22	52.972082055944746	40	4	3
INFO:transfers3:	1_1_203R2AAXX.27_BUSTARD-2009-03-14.fq.gz	603.2091455459595	11.05	54.5890629453357	90	2	2
INFO:transfers3:	1_1_203R2AAXX.63_BUSTARD-2009-05-11.fq.gz	452.7895746231079	8.42	53.77548392198431	95	3	1
INFO:transfers3:	1_1_206AWAAXX.21_BUSTARD-2008-07-22.fq.gz	429.35754203796387	7.960000000000001	53.93938970326179	75	2	2
INFO:transfers3:	1_1_206AWAAXX.30_BUSTARD-2009-03-14.fq.gz	403.74250507354736	8.22	49.11709307464079	25	5	2
INFO:transfers3:	1_1_207J9AAXX.39_BUSTARD-2009-03-14.fq.gz	251.21622943878174	5.5	45.6756780797785	75	8	1
INFO:transfers3:	1_1_209A3AAXX.28_BUSTARD-2008-08-26.fq.gz	489.2010278701782	10.31	47.44917826092902	20	8	1
INFO:transfers3:	1_1_209A3AAXX.36_BUSTARD-2009-03-14.fq.gz	440.9620475769043	9.940000000000001	44.362379031881716	95	7	3
INFO:transfers3:	1_1_209A7AAXX.24_BUSTARD-2008-08-05.fq.gz	369.8574905395508	6.83	54.151901982364684	70	3	1
INFO:transfers3:	1_1_209A7AAXX.29_BUSTARD-2009-03-14.fq.gz	345.8503084182739	7.2	48.0347650580936	90	5	2
INFO:transfers3:	1_1_20FJAAXX.25_BUSTARD-2008-08-12.fq.gz	260.9250783920288	5.72	45.61627244615889	20	9	2
INFO:transfers3:	1_1_20FJAAXX.33_BUSTARD-2009-03-14.fq.gz	323.79143047332764	6.84	47.337928431773044	70	8	1
INFO:transfers3:	1_1_20FR4AAXX.35_BUSTARD-2009-01-15.fq.gz	242.4116611480713	4.529999999999999	53.5125079797067	30	3	3
INFO:transfers3:	1_1_20FR4AAXX.38_BUSTARD-2009-03-14.fq.gz	312.2741584777832	6.55	47.67544404240965	70	6	3
INFO:transfers3:	1_1_20GUVAAXX.31_BUSTARD-2008-09-01.fq.gz	456.1360111236572	8.64	52.79351980597884	60	3	3
INFO:transfers3:	1_1_20GUVAAXX.41_BUSTARD-2009-03-14.fq.gz	480.126296043396	8.5	56.485446593340704	65	2	3
INFO:transfers3:	1_1_20GWKAAXX.34_BUSTARD-2008-11-03.fq.gz	251.84535789489746	5.029999999999999	50.06865962125199	60	4	2
INFO:transfers3:	1_1_20GWKAAXX.43_BUSTARD-2009-03-14.fq.gz	255.16626930236816	4.84	52.720303574869455	50	3	1
INFO:transfers3:	1_1_30158AAXX.72_BUSTARD-2009-06-03.fq.gz	807.3022575378418	17.900000000000002	45.100684778650376	85	8	3
INFO:transfers3:	1_1_301VVAAXX.80_BUSTARD-2009-06-15.fq.gz	429.0348529815674	7.44	57.665974863113895	55	1	1
INFO:transfers3:	1_1_301YBAAXX.68_BUSTARD-2009-05-01.fq.gz	293.23173904418945	5.89	49.78467555928514	60	6	1
INFO:transfers3:	1_1_30F9RAAXX.75_BUSTARD-2009-07-23.fq.gz	44.198402404785156	0.73	60.54575671888378	50	2	2
INFO:transfers3:	1_1_30G24AAXX.87_BUSTARD-2009-06-07.fq.gz	551.6231288909912	11.49	48.008975534463985	60	7	1
INFO:transfers3:	1_1_30G2VAAXX.48_BUSTARD-2009-02-20.fq.gz	606.4924240112305	11.25	53.910437689887154	40	4	1
INFO:transfers3:	1_1_30G35AAXX.62_BUSTARD-2009-05-10.fq.gz	498.1047668457031	9.3	53.55965234900033	45	3	3
INFO:transfers3:	1_1_30G3AAAXX.89_BUSTARD-2009-09-21.fq.gz	822.0096960067749	15.9	51.698723019294015	45	5	3
INFO:transfers3:	1_1_30G3GAAXX.88_BUSTARD-2009-09-08.fq.gz	190.3446159362793	3.4699999999999998	54.85435617760211	65	2	2
INFO:transfers3:	1_1_30G3RAAXX.125_BUSTARD-2009-11-19.fq.gz	50.822237968444824	0.8200000000000001	61.978338985908316	55	8	1
INFO:transfers3:	1_1_30G41AAXX.66_BUSTARD-2009-05-21.fq.gz	508.27043628692627	10.58	48.040683959066754	35	7	3
INFO:transfers3:	1_1_30G4NAAXX.76_BUSTARD-2009-06-28.fq.gz	772.7300062179565	14.67	52.674165386363775	75	4	3
INFO:transfers3:	1_1_30G4RAAXX.91_BUSTARD-2009-10-09.fq.gz	1217.1941957473755	25.65	47.45396474648638	20	9	3
INFO:transfers3:	1_1_30G55AAXX.51_BUSTARD-2009-03-01.fq.gz	61.35232067108154	1.22	50.28878743531274	20	3	2
INFO:transfers3:	1_1_30G58AAXX.74_BUSTARD-2009-07-21.fq.gz	854.5240907669067	15.84	53.94722795245623	15	2	1
INFO:transfers3:	1_1_30G5BAAXX.101_BUSTARD-2009-11-23.fq.gz	760.0705375671387	13.540000000000001	56.13519479816386	45	1	3
INFO:transfers3:	1_1_30G5DAAXX.94_BUSTARD-2009-11-02.fq.gz	366.1012964248657	7.630000000000001	47.981821287662605	95	8	2
INFO:transfers3:	1_1_30G5MAAXX.67_BUSTARD-2009-06-01.fq.gz	109.81166172027588	2.24	49.0230632679803	95	4	2
INFO:transfers3:	1_1_30HUAAAXX.42_BUSTARD-2009-01-12.fq.gz	739.2882661819458	14.22	51.98932954866004	65	5	2
INFO:transfers3:	1_1_30LUFAAXX.55_BUSTARD-2009-03-14.fq.gz	187.09978103637695	4.050000000000001	46.19747679910541	70	7	1
INFO:transfers3:	1_1_30TKJAAXX.44_BUSTARD-2009-03-14.fq.gz	522.3521947860718	11.120000000000001	46.97411823615753	55	9	2
INFO:transfers3:	1_1_30TKJAAXX.50_BUSTARD-2009-01-18.fq.gz	544.1990737915039	9.55	56.984196208534435	90	1	3
INFO:transfers3:	1_1_30TMUAAXX.40_BUSTARD-2008-12-26.fq.gz	614.982551574707	11.65	52.78820185190618	60	3	1
INFO:transfers3:	1_1_30U88AAXX.69_BUSTARD-2009-05-06.fq.gz	1069.7150859832764	21.98	48.667656323169986	25	6	3
INFO:transfers3:	1_1_30WE4AAXX.47_BUSTARD-2009-01-25.fq.gz	428.67832469940186	8.51	50.373481163266966	50	6	3
INFO:transfers3:	1_1_30WE4AAXX.54_BUSTARD-2009-03-14.fq.gz	452.4445991516113	8.790000000000001	51.47265064295919	85	4	2
INFO:transfers3:	1_1_30WTAAAXX.97_BUSTARD-2009-11-15.fq.gz	1500.5392446517944	31.99	46.90650967964347	55	9	3
INFO:transfers3:	1_1_311GJAAXX.64_BUSTARD-2009-05-13.fq.gz	392.96209621429443	7.960000000000001	49.36709751435859	55	4	1
INFO:transfers3:	1_1_3144MAAXX.61_BUSTARD-2009-05-01.fq.gz	126.5822172164917	2.8	45.20793472017561	75	8	3
INFO:transfers3:	1_1_427CTAAXX.73_BUSTARD-2009-06-29.fq.gz	709.0984210968018	14.23	49.8312312787633	80	5	3
INFO:transfers3:	1_1_42BJFAAXX.99_ON_CTRLR-0000-00-00.fq.gz	598.7441520690918	11.07	54.0870959412007	75	1	3
INFO:transfers3:	1_1_42GY3AAXX.130_ON_CTRLR-2009-11-25.fq.gz	531.1177701950073	9.84	53.975383149899116	85	3	3
INFO:transfers3:	1_1_42HT6AAXX.107_ON_CTRLR-2010-03-04.fq.gz	183.63277530670166	4.02	45.67979485241335	95	7	1
INFO:transfers3:	1_1_42LATAAXX.85_BUSTARD-2009-08-16.fq.gz	175.55865669250488	3.42	51.332940553364004	20	4	2
INFO:transfers3:	1_1_42TM7AAXX.93_BUSTARD-2009-10-30.fq.gz	887.6189222335815	17.25	51.456169404845305	95	5	3
INFO:transfers3:	1_1_42V6VAAXX.105_ON_CTRLR-2010-01-29.fq.gz	1391.7827711105347	24.72	56.30189203521581	15	1	3
INFO:transfers3:	1_1_42VVJAAXX.139_ON_CTRLR-2010-06-11.fq.gz	1095.0018272399902	21.18	51.699802985835234	85	5	2
INFO:transfers3:	1_1_42VYGAAXX.119_ON_CTRLR-2010-04-15.fq.gz	1065.7492656707764	22.77	46.80497433775918	15	7	3
INFO:transfers3:	1_1_42WNRAAXX.133_ON_CTRLR-2010-05-27.fq.gz	1084.373070716858	20.439999999999998	53.05152009377975	55	3	1
INFO:transfers3:	1_1_42YM7AAXX.117_ON_CTRLR-2010-04-06.fq.gz	1133.8499670028687	25.03	45.29963911317893	50	9	1
INFO:transfers3:	1_1_42YM7AAXX.118_BUSTARD-2010-04-21.fq.gz	1034.9667148590088	21.06	49.143718654273925	50	7	1
INFO:transfers3:	1_1_4302AAAXX.137_ON_CTRLR-2010-02-17.fq.gz	1978.4825839996338	41.11	48.12655276087652	55	8	3
INFO:transfers3:	1_1_4302FAAXX.136_BUSTARD-2010-06-01.fq.gz	1461.1296243667603	28.75	50.82189997797427	95	6	3
INFO:transfers3:	1_1_4302LAAXX.141_ON_CTRLR-2010-06-22.fq.gz	719.5367774963379	15.450000000000001	46.571959708500835	80	6	3
INFO:transfers3:	1_1_430EBAAXX.124_ON_CTRLR-2010-01-20.fq.gz	1352.1348133087158	24.099999999999998	56.10517897546539	70	1	2
INFO:transfers3:	1_1_613M0AAXX.113_ON_CTRLR-2010-03-10.fq.gz	1672.3714332580566	33.800000000000004	49.478444770948414	25	5	3
INFO:transfers3:	1_1_616J3AAXX.115_BUSTARD-2010-04-05.fq.gz	1610.3398723602295	38.26	42.089385059075525	35	8	2
INFO:transfers3:	1_1_61BDAAAXX.114_ON_CTRLR-2010-03-23.fq.gz	726.8661909103394	16.18	44.92374480286399	70	8	1
INFO:transfers3:	1_1_61MK7AAXX.146_ON_CTRLR-2010-07-21.fq.gz	364.87938594818115	6.8999999999999995	52.88107042727263	75	4	3
INFO:transfers3:	1_1_61MNCAAXX.194_BUSTARD-2010-11-08.fq.gz	96.9490795135498	2.17	44.67699516753447	40	7	1
INFO:transfers3:	1_1_61MNKAAXX.226_BUSTARD-2011-03-18.fq.gz	1569.7224292755127	32.6	48.15099476305254	40	5	2
INFO:transfers3:	1_1_61N9HAAXX.210_BUSTARD-2011-01-31.fq.gz	700.1592054367065	12.34	56.738995578339264	35	1	2
INFO:transfers3:	1_1_61N9PAAXX.138_ON_CTRLR-2010-06-18.fq.gz	620.9545793533325	13.18	47.113397523014605	95	7	3
INFO:transfers3:	1_1_61N9RAAXX.164_BUSTARD-2010-09-13.fq.gz	1692.4552736282349	30.32	55.81976496135339	15	2	3
INFO:transfers3:	1_1_61N9VAAXX.191_BUSTARD-2010-11-01.fq.gz	1316.469778060913	27.52	47.83683786558551	40	9	3
INFO:transfers3:	1_1_61PKDAAXX.140_ON_CTRLR-2010-06-23.fq.gz	2220.0905981063843	43.19	51.402884883222605	25	5	2
INFO:transfers3:	1_1_61PKNAAXX.143_ON_CTRLR-2010-07-06.fq.gz	2005.1042785644531	42.059999999999995	47.67247452602124	45	7	1
INFO:transfers3:	1_1_61RVWAAXX.120_ON_CTRLR-2010-04-29.fq.gz	2545.644694328308	46.62	54.60413329747551	95	2	1
INFO:transfers3:	1_1_622Y7AAXX.162_BUSTARD-2010-08-27.fq.gz	2785.4733600616455	55.33	50.34291270669882	35	5	1
INFO:transfers3:	1_1_6230RAAXX.167_BUSTARD-2010-09-27.fq.gz	2650.345832824707	54.59	48.55002441518056	60	6	1
INFO:transfers3:	1_1_62322AAXX.171_BUSTARD-2010-09-17.fq.gz	3829.549861907959	79.05999999999999	48.438525953806725	10	7	1
INFO:transfers3:	1_1_62322AAXX.172_BUSTARD-2010-09-17.fq.gz	3829.549861907959	70.09	54.63760681848992	80	2	2
INFO:transfers3:	1_1_62323AAXX.163_unknown-0000-00-00.fq.gz	1783.710394859314	31.259999999999998	57.060473284047156	20	1	2
INFO:transfers3:	1_1_629JYAAXX.174_BUSTARD-2010-10-01.fq.gz	3268.617214202881	60.3	54.20592395029654	40	3	2
INFO:transfers3:	1_1_629JYAAXX.175_BUSTARD-2010-10-02.fq.gz	3268.617214202881	68.69	47.58505188823528	30	8	1
INFO:transfers3:	1_1_629JYAAXX.176_BUSTARD-2010-10-03.fq.gz	3228.8524980545044	69.91	46.18584605999863	70	8	1
INFO:transfers3:	1_1_62B2DAAXX.197_BUSTARD-2010-11-06.fq.gz	2770.8052797317505	60.35	45.912266441288324	55	7	1
INFO:transfers3:	1_1_62B2JAAXX.206_BUSTARD-2011-01-06.fq.gz	2633.967984199524	55.580000000000005	47.39057186397128	95	7	3
INFO:transfers3:	1_1_62B2KAAXX.203_BUSTARD-2010-12-21.fq.gz	2494.799204826355	48.35	51.59874260240651	45	6	1
INFO:transfers3:	1_1_62B2LAAXX.209_BUSTARD-2011-01-24.fq.gz	2402.8566913604736	50.510000000000005	47.57190044269399	75	8	2
INFO:transfers3:	1_1_62B3AAAXX.207_BUSTARD-2011-01-07.fq.gz	2291.092423439026	49.769999999999996	46.033603042777294	70	6	1
INFO:transfers3:	1_1_62B3AAAXX.208_BUSTARD-2011-01-07.fq.gz	2291.092423439026	48.36	47.37577385109648	65	8	2
INFO:transfers3:	1_1_62B43AAXX.192_BUSTARD-2010-11-01.fq.gz	3491.896695137024	61.46	56.815761391751124	10	2	1
INFO:transfers3:	1_1_62B67AAXX.202_BUSTARD-2010-12-06.fq.gz	2828.3469104766846	58.519999999999996	48.33128691860364	20	8	1
INFO:transfers3:	1_1_62BLFAAXX.211_BUSTARD-2011-01-27.fq.gz	1554.6000471115112	30.27	51.35778153655472	15	4	1
INFO:transfers3:	1_1_62DL5AAXX.201_BUSTARD-2010-11-26.fq.gz	3711.168869972229	68.97999999999999	53.800650477996946	45	4	3
INFO:transfers3:	1_1_62EEBAAXX.215_BUSTARD-2011-02-22.fq.gz	1213.6837062835693	21.169999999999998	57.330359295397706	15	1	3
INFO:transfers3:	1_1_62EEFAAXX.213_BUSTARD-2011-02-19.fq.gz	2185.6274452209473	45.38999999999999	48.15217989030508	85	8	3
INFO:transfers3:	1_1_62EH8AAXX.216_BUSTARD-2011-02-24.fq.gz	1048.3683185577393	18.65	56.21277847494581	90	2	1
INFO:transfers3:	1_1_62EHEAAXX.185_BUSTARD-2010-11-05.fq.gz	3121.6409521102905	57.37	54.41242726355745	65	3	1
INFO:transfers3:	1_1_62F3WAAXX.200_BUSTARD-2010-11-27.fq.gz	3893.640263557434	81.39	47.839295534555035	75	7	2
INFO:transfers3:	1_1_63112AAXX.283_BUSTARD-2011-09-10.fq.gz	2329.4862756729126	47.0	49.563537780274736	65	6	2
INFO:transfers3:	1_1_63165AAXX.280_BUSTARD-2011-09-10.fq.gz	2364.3155241012573	43.129999999999995	54.818352054283736	45	2	2
INFO:transfers3:	1_1_63168AAXX.281_BUSTARD-2011-09-23.fq.gz	3844.70268535614	83.84	45.85761790739671	90	9	3
INFO:transfers3:	1_1_6320NAAXX.257_ON_CTRLR-2011-06-27.fq.gz	232.19268798828125	5.13	45.261732551321884	55	9	3
INFO:transfers3:	1_1_6329MAAXX.224_BUSTARD-2011-03-12.fq.gz	3125.040997505188	65.28999999999999	47.864006700952494	70	7	3
INFO:transfers3:	1_1_6329MAAXX.225_BUSTARD-2011-03-12.fq.gz	3125.040997505188	66.02	47.33476215548604	75	9	2
INFO:transfers3:	1_1_632ACAAXX.230_BUSTARD-2011-03-25.fq.gz	2617.2196731567383	48.41	54.06361646677832	30	3	3
INFO:transfers3:	1_1_632CLAAXX.219_BUSTARD-2011-03-11.fq.gz	2135.4734506607056	38.27	55.8001946867182	30	1	1
INFO:transfers3:	1_1_633J3AAXX.285_BUSTARD-2011-13-10.fq.gz	2647.3606061935425	48.35	54.75409733595745	20	3	3
INFO:transfers3:	1_1_636H6AAXX.291_BUSTARD-2011-11-14.fq.gz	1684.4747791290283	31.38	53.679884612142395	30	3	2
INFO:transfers3:	1_1_638FKAAXX.235_BUSTARD-2011-04-03.fq.gz	2286.246668815613	40.71	56.15933846267779	60	2	3
INFO:transfers3:	1_1_638NDAAXX.239_BUSTARD-2011-04-20.fq.gz	3676.39403629303	67.28	54.64319316725668	75	3	2
INFO:transfers3:	1_1_638NVAAXX.241_BUSTARD-2011-05-08.fq.gz	1006.4677000045776	20.62	48.810266731550804	80	6	2
INFO:transfers3:	1_1_638PKAAXX.236_BUSTARD-2011-04-05.fq.gz	2438.4535341262817	50.26	48.516783408799874	35	7	1
INFO:transfers3:	1_1_63B4EAAXX.303_BUSTARD-2012-01-17.fq.gz	2119.7772254943848	44.480000000000004	47.65686208395649	45	8	2
INFO:transfers3:	1_1_63B4EAAXX.304_BUSTARD-2012-01-20.fq.gz	1882.1049194335938	35.37	53.21190046461956	85	4	2
INFO:transfers3:	1_1_63BJTAAXX.310_BUSTARD-2012-02-19.fq.gz	3043.0917053222656	53.459999999999994	56.92277787733382	25	1	3
INFO:transfers3:	1_1_63BJYAAXX.325_BUSTARD-2012-04-16.fq.gz	519.03795337677	9.07	57.22579419810033	55	1	1
INFO:transfers3:	1_1_63BJYAAXX.327_BUSTARD-2012-04-17.fq.gz	657.0227346420288	13.63	48.20416248290746	50	6	2
INFO:transfers3:	1_1_64CGGAAXX.328_BUSTARD-2012-04-20.fq.gz	1707.6577653884888	34.330000000000005	49.74243417968216	10	6	3
INFO:transfers3:	1_1_64F5PAAXX.298_BUSTARD-2011-12-27.fq.gz	2107.715889930725	37.47	56.250757670956105	95	2	2
INFO:transfers3:	1_1_64F5UAAXX.579_BUSTARD-2013-12-09.fq.gz	761.7332925796509	15.86	48.028580868830446	80	7	2
INFO:transfers3:	1_1_64F64AAXX.332_BUSTARD-2012-04-27.fq.gz	1118.050986289978	19.87	56.2682932204317	60	1	2
INFO:transfers3:	1_1_64GHJAAXX.237_ON_CTRLR-2011-04-13.fq.gz	699.1573219299316	13.21	52.92636804919997	75	4	2
INFO:transfers3:	1_1_64GY6AAXX.242_BUSTARD-2011-05-17.fq.gz	1399.509714126587	27.810000000000002	50.323973898834474	25	4	3
INFO:transfers3:	1_1_64H0FAAXX.293_BUSTARD-2011-11-19.fq.gz	2734.491802215576	51.760000000000005	52.83021256212473	50	4	2
INFO:transfers3:	1_1_64H0HAAXX.296_BUSTARD-2011-11-04.fq.gz	3032.442427635193	55.75	54.39358614592274	20	2	2
INFO:transfers3:	1_1_64H99AAXX.321_BUSTARD-2012-03-12.fq.gz	3614.2115936279297	71.95	50.23226676341806	35	5	1
INFO:transfers3:	1_1_64HA1AAXX.289_BUSTARD-2011-11-01.fq.gz	2699.0848531723022	56.059999999999995	48.14635842262402	20	8	2
INFO:transfers3:	1_1_64HUAAAXX.309_BUSTARD-2012-06-02.fq.gz	3208.972067832947	62.2	51.59119080117278	55	5	1
INFO:transfers3:	1_1_64K5DAAXX.299_BUSTARD-2011-12-21.fq.gz	2538.292371749878	45.550000000000004	55.725408819975364	25	1	2
INFO:transfers3:	1_1_64NMMAAXX.492_BUSTARD-2013-05-30.fq.gz	833.5378913879395	17.84	46.72297597466029	15	9	1
INFO:transfers3:	1_1_64P1YAAXX.267_BUSTARD-2011-08-08.fq.gz	1364.4628505706787	27.47	49.67101749438219	70	6	3
INFO:transfers3:	1_1_64PF8AAXX.287_BUSTARD-2011-17-10.fq.gz	1027.3124361038208	21.59	47.58279000017697	55	6	1
INFO:transfers3:	1_1_64UNKAAXX.554_BUSTARD-2013-10-04.fq.gz	757.8286895751953	15.49	48.92373722241416	90	7	1
INFO:transfers3:	1_1_64UNLAAXX.302_BUSTARD-2012-01-09.fq.gz	3434.921585083008	71.82	47.82681126542757	65	8	3
INFO:transfers3:	1_1_64VNUAAXX.514_BUSTARD-2013-06-06.fq.gz	1074.3598489761353	18.729999999999997	57.360376346830506	45	1	3
INFO:transfers3:	1_1_64VU7AAXX.331_BUSTARD-2012-05-03.fq.gz	503.5204162597656	9.32	54.02579573602635	35	2	2
INFO:transfers3:	1_1_7035CAAXX.169_BUSTARD-2010-09-27.fq.gz	2364.5938806533813	43.949999999999996	53.801908547289685	85	3	2
INFO:transfers3:	1_1_7035GAAXX.135_ON_CTRLR-2010-05-27.fq.gz	2713.339280128479	53.879999999999995	50.35893244484928	65	5	3
INFO:transfers3:	1_1_7036FAAXX.170_BUSTARD-2010-10-01.fq.gz	3443.172287940979	69.9	49.25854489185949	80	6	2
INFO:transfers3:	1_1_7038TAAXX.155_BUSTARD-2010-08-06.fq.gz	2913.8346967697144	57.330000000000005	50.825653179307764	30	5	2
INFO:transfers3:	1_1_7038TAAXX.161_BUSTARD-2010-08-06.fq.gz	2913.8346967697144	59.699999999999996	48.807951369676964	35	6	3
INFO:transfers3:	1_1_703B2AAXX.134_ON_CTRLR-2010-05-27.fq.gz	2651.436249732971	53.96	49.137069120329336	30	6	3
INFO:transfers3:	1_1_703FLAAXX.145_ON_CTRLR-2010-07-08.fq.gz	1226.9975910186768	21.87	56.10414225051105	40	1	3
INFO:transfers3:	1_1_703KAAXX.147_ON_CTRLR-2010-07-19.fq.gz	2298.3024396896362	47.699999999999996	48.18244108364018	55	6	2
INFO:transfers3:	1_1_7042DAAXX.131_BUSTARD-2010-05-25.fq.gz	3095.611596107483	55.879999999999995	55.39748740349827	70	2	2
INFO:transfers3:	1_1_708RCAAXX.244_BUSTARD-2011-05-20.fq.gz	2115.760828971863	45.58	46.41862283834715	35	9	3
INFO:transfers3:	1_1_709Y0AAXX.260_BUSTARD-2011-07-18.fq.gz	2186.412851333618	38.73	56.4526943282628	95	1	2
INFO:transfers3:	1_1_70A32AAXX.271_BUSTARD-2011-08-22.fq.gz	2066.294708251953	43.66	47.32695163197328	60	9	3
INFO:transfers3:	1_1_70B47AAXX.245_BUSTARD-2011-05-31.fq.gz	2624.879994392395	54.65	48.030740976988014	10	9	3
INFO:transfers3:	1_1_70B6NAAXX.252_BUSTARD-2011-06-17.fq.gz	1308.122226715088	26.229999999999997	49.87122480804758	60	6	1
INFO:transfers3:	1_1_70CL4AAXX.266_BUSTARD-2011-07-25.fq.gz	3694.2660388946533	80.52	45.88010480495099	30	9	3
INFO:transfers3:	1_1_70CTCAAXX.278_BUSTARD-2011-09-10.fq.gz	2351.923005104065	49.37	47.63870782062113	75	7	3
INFO:transfers3:	1_1_70D3RAAXX.282_BUSTARD-2011-09-23.fq.gz	3896.8416109085083	71.6	54.42516216352666	75	2	3
INFO:transfers3:	1_1_70FY3AAXX.268_BUSTARD-2011-08-07.fq.gz	924.517201423645	16.849999999999998	54.86748969873265	90	2	1
INFO:transfers3:	1_1_70GJAAAXX.232_ON_CTRLR-2011-03-23.fq.gz	928.5856838226318	17.97	51.67421724110361	40	5	1
INFO:transfers3:	1_1_70GYTAAXX.247_BUSTARD-2011-06-06.fq.gz	1241.6045265197754	25.5	48.6903735890108	90	6	1
INFO:transfers3:	1_1_70HEFAAXX.263_BUSTARD-2011-08-02.fq.gz	2107.33934879303	37.260000000000005	56.55768515279199	60	1	2
INFO:transfers3:	1_1_70HEFAAXX.265_BUSTARD-2011-08-02.fq.gz	2107.5940532684326	44.72	47.12866845412417	50	9	1
INFO:transfers3:	1_1_70HH5AAXX.262_BUSTARD-2011-07-29.fq.gz	3111.260676383972	67.57	46.045000390468736	35	9	3
INFO:transfers3:	1_1_70J88AAXX.227_BUSTARD-2011-03-12.fq.gz	3050.673987388611	58.85	51.83813062682431	20	4	3
INFO:transfers3:	1_1_70JHVAAXX.228_BUSTARD-2011-03-19.fq.gz	2199.427968978882	46.97	46.82622884775137	50	9	1
INFO:transfers3:	1_1_70JWTAAXX.250_ON_CTRLR-2011-06-14.fq.gz	1380.5499448776245	25.299999999999997	54.56719149713931	10	2	1
INFO:transfers3:	1_1_70LKTAAXX.273_BUSTARD-2011-09-03.fq.gz	3017.8652868270874	64.06	47.10997950089116	20	9	1
INFO:transfers3:	1_1_70LL6AAXX.270_BUSTARD-2011-08-22.fq.gz	2104.7926177978516	40.93	51.4242027314403	50	5	2
INFO:transfers3:	1_1_70LLWAAXX.258_BUSTARD-2011-07-09.fq.gz	1901.2851610183716	34.85	54.556245653324865	55	1	2
INFO:transfers3:	1_1_70LR3AAXX.261_BUSTARD-2011-07-18.fq.gz	3710.325863838196	78.56	47.22919887777744	55	8	3
INFO:transfers3:	1_1_70LRRAAXX.269_BUSTARD-2011-08-22.fq.gz	2756.1863861083984	57.339999999999996	48.06742912641086	95	6	3
INFO:transfers3:	1_1_70M7LAAXX.259_BUSTARD-2011-07-09.fq.gz	4486.986221313477	97.12	46.200434733458366	20	8	3
INFO:transfers3:	1_1_70M99AAXX.254_BUSTARD-2011-06-24.fq.gz	3490.128396987915	64.86	53.81018188387165	85	4	3
INFO:transfers3:	1_1_70MD0AAXX.256_BUSTARD-2011-06-27.fq.gz	2568.323630332947	52.209999999999994	49.192178324706894	80	6	3
INFO:transfers3:	1_1_A000000000-A0VFP.352_BUSTARD-2012-06-18.fq.gz	1255.6948308944702	23.849999999999998	52.64967844421259	10	4	2
INFO:transfers3:	1_1_A000000000-A0VND.368_BUSTARD-2012-07-23.fq.gz	923.0419101715088	19.490000000000002	47.35976963424878	65	8	2
INFO:transfers3:	1_1_A000000000-A0WFW.344_BUSTARD-2012-06-11.fq.gz	864.4723663330078	18.049999999999997	47.893205891025374	25	8	3
INFO:transfers3:	1_1_A000000000-A0Y3Y.343_BUSTARD-2012-06-11.fq.gz	820.1582908630371	14.41	56.915911926650736	20	1	1
INFO:transfers3:	1_1_A000000000-A0Y75.373_BUSTARD-2012-08-01.fq.gz	957.2266912460327	20.44	46.831051430823514	20	9	3
INFO:transfers3:	1_1_A000000000-A0YB2.366_BUSTARD-2012-07-20.fq.gz	1220.167363166809	23.09	52.84397415187566	10	3	2
INFO:transfers3:	1_1_A000000000-A0YB3.345_BUSTARD-2012-06-11.fq.gz	1220.7751150131226	24.25	50.34124185621124	25	6	1
INFO:transfers3:	1_1_A000000000-A0YBK.347_BUSTARD-2012-06-11.fq.gz	1036.338773727417	19.569999999999997	52.95548153946945	20	3	1
INFO:transfers3:	1_1_A000000000-A0YBN.356_BUSTARD-2012-06-29.fq.gz	1351.752269744873	24.1	56.08930579854245	55	1	1
INFO:transfers3:	1_1_A000000000-A0YBR.353_BUSTARD-2012-06-18.fq.gz	1557.3757791519165	32.11	48.50126998293106	45	7	3
INFO:transfers3:	1_1_A000000000-A0YBV.369_BUSTARD-2012-07-24.fq.gz	1258.4259023666382	27.36	45.99509877071046	20	8	2
INFO:transfers3:	1_1_A000000000-A107B.360_BUSTARD-2012-07-06.fq.gz	830.4955902099609	17.31	47.97779261755985	95	7	2
INFO:transfers3:	1_1_A000000000-A10A0.346_BUSTARD-2012-06-11.fq.gz	1422.260516166687	28.52	49.8688820535304	95	6	1
INFO:transfers3:	1_1_A000000000-A10BL.370_BUSTARD-2012-07-25.fq.gz	356.55216693878174	7.549999999999999	47.225452574673085	50	6	1
INFO:transfers3:	1_1_A000000000-A10C2.365_BUSTARD-2012-07-20.fq.gz	1050.8586101531982	19.13	54.932493996508015	60	2	2
INFO:transfers3:	1_1_A000000000-A10CB.367_BUSTARD-2012-07-23.fq.gz	737.1265602111816	15.78	46.71270977257171	70	9	3
INFO:transfers3:	1_1_A000000000-A1A7C.351_BUSTARD-2012-06-18.fq.gz	889.8465099334717	17.66	50.38768459419432	50	6	1
INFO:transfers3:	1_1_A000000000-A1EAL.376_BUSTARD-2012-08-07.fq.gz	250.29501056671143	4.89	51.185073735523815	25	4	2
INFO:transfers3:	1_1_A000000000-A1J5A.364_BUSTARD-2012-07-20.fq.gz	994.9675369262695	19.72	50.454743251839226	45	5	3
INFO:transfers3:	1_1_A000000000-A1JGN.374_BUSTARD-2012-08-01.fq.gz	1282.032033920288	27.400000000000002	46.789490289061604	45	9	2
INFO:transfers3:	1_1_AC0A7FACXX.297_BUSTARD-2011-12-15.fq.gz	5475.3850021362305	115.78999999999999	47.28720098571751	95	9	3
INFO:transfers3:	1_1_AC0CN8ACXX.306_BUSTARD-2012-01-25.fq.gz	12251.968678474426	253.19	48.39041304346311	40	7	3
INFO:transfers3:	1_1_AC0NLVACXX.333_BUSTARD-2012-05-07.fq.gz	13257.142290115356	274.90000000000003	48.2253266282843	95	7	2
INFO:transfers3:	1_1_AC16YNACXX.435_BUSTARD-2012-12-13.fq.gz	12151.333584785461	220.73	55.0506663561159	65	3	2
INFO:transfers3:	1_1_AC1FCJACXX.447_BUSTARD-2013-01-04.fq.gz	9353.293622970581	178.73	52.331973496170654	20	4	1
INFO:transfers3:	1_1_AC1H83ACXX.465_BUSTARD-2013-03-07.fq.gz	9651.634709358215	206.94	46.63977340948205	90	8	3
INFO:transfers3:	1_1_AC2004ACXX.550_BUSTARD-2013-09-20.fq.gz	12227.608737945557	229.19	53.35140598606203	35	4	1
INFO:transfers3:	1_1_AC23J2ACXX.490_BUSTARD-2013-05-22.fq.gz	8653.477750778198	169.85	50.947764208290835	95	5	2
INFO:transfers3:	1_1_AC25EPACXX.502_BUSTARD-2013-06-07.fq.gz	12004.28594493866	253.6	47.33551240117768	30	9	1
INFO:transfers3:	1_1_AC26NAACXX.552_BUSTARD-2013-09-20.fq.gz	11918.17228603363	225.94	52.749279835503366	70	4	1
INFO:transfers3:	1_1_AC271TACXX.535_BUSTARD-2013-08-05.fq.gz	10300.803359985352	184.49	55.83393874998835	20	2	2
INFO:transfers3:	1_1_AC29BYACXX.546_BUSTARD-2013-08-23.fq.gz	4461.694972038269	85.95	51.910354532149725	20	5	3
INFO:transfers3:	1_1_AC2RD8ACXX.572_BUSTARD-2013-11-21.fq.gz	15252.189510345459	273.18	55.832013728477406	45	3	3
INFO:transfers3:	1_1_AC4P92ANXX.675_BUSTARD-2014-10-14.fq.gz	8903.449608802795	173.58	51.293061463318324	10	4	3
INFO:transfers3:	1_1_AC4PJRANXX.665_BUSTARD-2014-09-30.fq.gz	15803.482158660889	293.95000000000005	53.76248395530153	85	4	2
INFO:transfers3:	1_1_AC624DANXX.695_BUSTARD-2014-12-16.fq.gz	11901.93503665924	234.97	50.65299841111308	95	5	3
INFO:transfers3:	1_1_AC676DANXX.714_BUSTARD-2015-02-04.fq.gz	0.0	0.020000000000000018	0.0	45	9	2
INFO:transfers3:	1_1_AC676DANXX.716_BUSTARD-2015-02-04.fq.gz	0.0	0.020000000000000018	0.0	25	7	1
INFO:transfers3:	1_1_AC676DANXX.717_BUSTARD-2015-02-13.fq.gz	14333.83041381836	301.85	47.486600675230605	95	8	1
INFO:transfers3:	1_1_AC6FEFANXX.775_BUSTARD-2015-08-31.fq.gz	17105.06153678894	332.3	51.47475635506753	10	5	1
INFO:transfers3:	1_1_AC6WYBACXX.747_BUSTARD-2015-05-13.fq.gz	22551.09951686859	385.32	58.525639771796406	65	1	1
INFO:transfers3:	1_1_AC736EANXX.749_BUSTARD-2015-05-28.fq.gz	9617.880645751953	168.63	57.03540678261255	45	1	1
INFO:transfers3:	1_1_AC7FUCANXX.828_BUSTARD-2015-10-20.fq.gz	19239.605476379395	375.56	51.2291124624012	30	5	1
INFO:transfers3:	1_1_AD0UUBACXX.322_BUSTARD-2012-04-11.fq.gz	9825.387512207031	168.79999999999998	58.207271991747824	80	1	3
INFO:transfers3:	1_1_AD139TACXX.359_BUSTARD-2012-07-05.fq.gz	11850.124859809875	232.75	50.91353323226585	45	5	1
INFO:transfers3:	1_1_AD16AMACXX.379_BUSTARD-2012-08-14.fq.gz	11664.118597984314	238.06	48.99654960087505	20	7	3
INFO:transfers3:	1_1_AD16TTACXX.372_BUSTARD-2012-07-30.fq.gz	11359.873145103455	226.33	50.19163674768459	75	6	1
INFO:transfers3:	1_1_AD18N4ACXX.392_BUSTARD-2012-09-10.fq.gz	11799.68604183197	244.16	48.32767874275873	35	8	1
INFO:transfers3:	1_1_AD1987ACXX.380_BUSTARD-2011-08-23.fq.gz	9348.690614700317	191.53	48.81058118676091	35	6	3
INFO:transfers3:	1_1_AD1D3EACXX.399_BUSTARD-2012-09-23.fq.gz	10873.322821617126	199.17000000000002	54.59317578760419	50	3	2
INFO:transfers3:	1_1_AD1M3UACXX.469_BUSTARD-2013-03-25.fq.gz	7196.416972160339	127.14	56.60230432720103	65	2	3
INFO:transfers3:	1_1_AMS0001760-00050.340_BUSTARD-2012-05-15.fq.gz	65.1467695236206	1.28	50.8959136903286	60	3	1
INFO:transfers3:	1_1_AMS0001761-00050.339_BUSTARD-2012-05-15.fq.gz	134.0897216796875	2.76	48.583232492640406	25	5	3
INFO:transfers3:	1_1_AMS0001772-00050.336_BUSTARD-2012-05-11.fq.gz	239.52149295806885	4.98	48.09668533294555	20	6	1
INFO:transfers3:	1_1_AMS0001848-00050.315_BUSTARD-2012-03-14.fq.gz	141.64025592803955	3.0199999999999996	46.900746996039594	70	5	2
INFO:transfers3:	1_1_AMS0008757-00300.314_BUSTARD-2012-03-14.fq.gz	412.9082498550415	8.8	46.921392028981984	40	8	3
INFO:transfers3:	1_1_AMS0009270-00300.337_BUSTARD-2012-05-11.fq.gz	392.7094497680664	8.28	47.42867750822058	85	8	3
INFO:transfers3:	1_1_AMS2002098-00300.338_BUSTARD-2012-05-15.fq.gz	1063.000877380371	22.069999999999997	48.164969523351665	40	7	1
INFO:transfers3:	1_1_AMS2004749-00300.324_BUSTARD-2012-04-18.fq.gz	781.508490562439	16.68	46.85302701213663	55	8	3
INFO:transfers3:	1_1_BC0VG2ACXX.350_BUSTARD-2012-06-11.fq.gz	11266.658242225647	202.5	55.637818480126654	70	2	1
INFO:transfers3:	1_1_BC0WDAACXX.378_BUSTARD-2012-08-13.fq.gz	11613.356823921204	210.31	55.22018365232849	15	3	1
INFO:transfers3:	1_1_BC16VLACXX.434_BUSTARD-2012-12-13.fq.gz	1.9073486328125e-05	0.020000000000000018	0.0009536743164062491	10	6	1
INFO:transfers3:	1_1_BC1HFJACXX.462_BUSTARD-2013-02-21.fq.gz	11395.068994522095	227.71	50.0420227241759	30	6	2
INFO:transfers3:	1_1_BC1HKAACXX.454_BUSTARD-2013-01-28.fq.gz	10029.034754753113	208.48	48.10550055042744	85	8	2
INFO:transfers3:	1_1_BC20DKACXX.478_BUSTARD-2013-04-29.fq.gz	10932.434715270996	229.04	47.73155219730613	35	9	2
INFO:transfers3:	1_1_BC258AACXX.503_BUSTARD-2013-06-07.fq.gz	11071.791706085205	200.17000000000002	55.31194337855425	45	2	1
INFO:transfers3:	1_1_BC27UHACXX.526_BUSTARD-2013-07-01.fq.gz	10733.094261169434	189.45000000000002	56.65396812440978	30	1	3
INFO:transfers3:	1_1_BC290GACXX.551_BUSTARD-2013-09-20.fq.gz	10822.480730056763	228.9	47.28038763677048	50	8	3
INFO:transfers3:	1_1_BC2MPCACXX.578_BUSTARD-2013-12-02.fq.gz	18498.421356201172	332.39000000000004	55.6527613833183	35	1	3
INFO:transfers3:	1_1_BC2UKMACXX.556_BUSTARD-2013-10-07.fq.gz	12466.582723617554	218.82	56.97186145515745	15	1	1
INFO:transfers3:	1_1_BC4P0GANXX.662_BUSTARD-2014-09-29.fq.gz	22683.227179527283	452.69	50.107639178084966	30	7	3
INFO:transfers3:	1_1_BC4UK0ACXX.652_BUSTARD-2014-08-23.fq.gz	12502.827486038208	215.19	58.101340610800726	30	1	1
INFO:transfers3:	1_1_BD0RNRACXX.323_BUSTARD-2012-04-11.fq.gz	10298.349373817444	207.54000000000002	49.62103389138211	75	6	2
INFO:transfers3:	1_1_BD13EMACXX.361_BUSTARD-2012-07-05.fq.gz	14551.205819129944	297.12	48.974171442952155	15	7	3
INFO:transfers3:	1_1_BD18L6ACXX.398_BUSTARD-2012-09-23.fq.gz	10715.090591430664	222.49	48.15987501204847	55	7	1
INFO:transfers3:	1_1_BD190NACXX.385_BUSTARD-2012-08-29.fq.gz	9491.331572532654	181.09	52.41223464869763	85	4	1
INFO:transfers3:	1_1_BD1BV5ACXX.404_BUSTARD-2012-10-09.fq.gz	9148.477190971375	197.23	46.384815651631975	35	9	3
INFO:transfers3:	1_1_BD1MJ4ACXX.470_BUSTARD-2013-03-25.fq.gz	7080.915079116821	138.41	51.15898474905586	55	5	2
INFO:transfers3:	1_1_BD26HNACXX.513_BUSTARD-2013-06-10.fq.gz	13204.61801815033	236.11	55.925704197832914	10	2	2
INFO:transfers3:	1_1_FC20483AAXX.9_BUSTARD-2009-03-14.fq.gz	274.3479280471802	5.23	52.45658280060806	90	4	3
INFO:transfers3:	1_1_HWI-EAS163_FC30HU1AAXXNCI.37_BUSTARD-2008-12-23.fq.gz	704.1001443862915	13.200000000000001	53.3409200292645	90	3	2
INFO:transfers3:	1_1_HWI-EAS163_FC30HU1AAXXNCI.46_BUSTARD-2009-03-14.fq.gz	764.8649950027466	15.03	50.88922122440097	60	5	1
INFO:transfers3:	1_1_UNKNWON_ID.555_BUSTARD-2013-10-07.fq.gz	15716.363990783691	326.38	48.153575558501416	30	9	3
INFO:transfers3:	1_1_UNKNWON_ID.715_BUSTARD-2015-02-04.fq.gz	0.0	0.020000000000000018	0.0	50	3	3
INFO:transfers3:	1_2_000000000-A14NU.515_BUSTARD-2013-06-12.fq.gz	124.96184253692627	2.2199999999999998	56.2891182598767	40	1	1
INFO:transfers3:	1_2_000000000-A1DMY.403_BUSTARD-2012-10-09.fq.gz	20.015180587768555	0.33999999999999997	58.86817819931928	65	9	1
INFO:transfers3:	1_2_000000000-A1DYJ.387_BUSTARD-2012-08-31.fq.gz	72.78256416320801	1.22	59.65783947803935	85	7	1
INFO:transfers3:	1_2_000000000-A1DYK.401_BUSTARD-2012-09-27.fq.gz	53.08205318450928	1.02	52.041228612264	10	2	3
INFO:transfers3:	1_2_000000000-A1E6Y.388_BUSTARD-2012-09-05.fq.gz	79.2051649093628	1.6900000000000002	46.86696148483005	30	5	2
INFO:transfers3:	1_2_000000000-A1E88.384_BUSTARD-2012-08-28.fq.gz	72.88262748718262	1.68	43.382516361418226	10	8	1
INFO:transfers3:	1_2_000000000-A1EAN.402_BUSTARD-2012-10-09.fq.gz	22.335087776184082	0.38	58.7765467794318	45	3	2
INFO:transfers3:	1_2_000000000-A1EFL.386_BUSTARD-2012-08-31.fq.gz	68.42352104187012	1.1199999999999999	61.092429501669756	95	6	3
INFO:transfers3:	1_2_000000000-A1GUE.383_BUSTARD-2012-08-28.fq.gz	68.33940696716309	1.36	50.249563946443445	20	3	2
INFO:transfers3:	1_2_000000000-A1JC6.395_BUSTARD-2012-09-17.fq.gz	56.99391460418701	0.9199999999999999	61.949907178464144	70	1	2
INFO:transfers3:	1_2_000000000-A1NNA.420_BUSTARD-2012-11-15.fq.gz	49.32557964324951	0.8500000000000001	58.03009369794059	75	1	2
INFO:transfers3:	1_2_000000000-A1NNB.391_BUSTARD-2012-09-07.fq.gz	64.91042900085449	1.13	57.44285752288009	75	7	1
INFO:transfers3:	1_2_000000000-A1NWR.421_BUSTARD-2012-11-15.fq.gz	33.56581401824951	0.73	45.980567148287	15	5	3
INFO:transfers3:	1_2_000000000-A1NWU.418_BUSTARD-2012-11-06.fq.gz	109.050950050354	2.33	46.802982854229185	90	5	3
INFO:transfers3:	1_2_000000000-A1NY4.406_BUSTARD-2012-10-11.fq.gz	37.800808906555176	0.6199999999999999	60.9690466234761	50	3	2
INFO:transfers3:	1_2_000000000-A1NY6.424_BUSTARD-2012-11-21.fq.gz	56.42486000061035	0.9299999999999999	60.67189247377458	70	9	3
INFO:transfers3:	1_2_000000000-A1NY9.417_BUSTARD-2012-11-05.fq.gz	89.23568058013916	1.95	45.761887476994445	60	5	1
INFO:transfers3:	1_2_000000000-A1NYC.408_BUSTARD-2012-09-15.fq.gz	45.30245113372803	0.76	59.60848833385267	65	3	2
INFO:transfers3:	1_2_000000000-A1P6E.411_BUSTARD-2012-10-22.fq.gz	47.15213394165039	0.8500000000000001	55.473098754882805	35	1	2
INFO:transfers3:	1_2_000000000-A1P6K.423_BUSTARD-2012-11-19.fq.gz	29.489179611206055	0.51	57.82192080628638	40	4	3
INFO:transfers3:	1_2_000000000-A1P9C.415_BUSTARD-2012-10-26.fq.gz	51.610413551330566	0.9299999999999999	55.495068334764056	50	1	1
INFO:transfers3:	1_2_000000000-A1PKE.419_BUSTARD-2012-11-08.fq.gz	127.99698162078857	2.83	45.22861541370621	15	8	2
INFO:transfers3:	1_2_000000000-A1PKF.405_BUSTARD-2012-10-11.fq.gz	33.60955238342285	0.73	46.0404827170176	20	9	2
INFO:transfers3:	1_2_000000000-A1PKH.409_BUSTARD-2012-09-15.fq.gz	51.1127233505249	1.15	44.44584639176079	30	8	2
INFO:transfers3:	1_2_000000000-A1PRJ.397_BUSTARD-2012-09-19.fq.gz	65.5912094116211	1.07	61.30019571179541	80	3	3
INFO:transfers3:	1_2_000000000-A1PWE.422_BUSTARD-2012-11-19.fq.gz	44.428269386291504	0.8699999999999999	51.066976306082196	40	3	1
INFO:transfers3:	1_2_000000000-A1PY1.414_BUSTARD-2012-10-24.fq.gz	41.545315742492676	0.81	51.29051326233663	20	2	1
INFO:transfers3:	1_2_000000000-A1T80.389_BUSTARD-2012-09-05.fq.gz	71.95255279541016	1.18	60.976739657127254	90	4	3
INFO:transfers3:	1_2_000000000-A2137.453_BUSTARD-2013-01-28.fq.gz	145.50994491577148	3.3	44.09392270174894	60	9	2
INFO:transfers3:	1_2_000000000-A2138.450_BUSTARD-2013-01-24.fq.gz	79.25659084320068	1.81	43.78817173657496	40	7	1
INFO:transfers3:	1_2_000000000-A21BP.448_BUSTARD-2013-01-14.fq.gz	106.84776401519775	2.34	45.661437613332374	55	6	1
INFO:transfers3:	1_2_000000000-A21GG.428_BUSTARD-2012-12-04.fq.gz	87.92769718170166	1.97	44.633348823198816	70	8	2
INFO:transfers3:	1_2_000000000-A21J1.437_BUSTARD-2012-12-17.fq.gz	116.7634630203247	2.4400000000000004	47.85387828701832	15	5	2
INFO:transfers3:	1_2_000000000-A21JE.446_BUSTARD-2013-01-04.fq.gz	96.55278873443604	1.69	57.131827653512445	60	1	3
INFO:transfers3:	1_2_000000000-A21JH.430_BUSTARD-2012-12-06.fq.gz	220.56374168395996	4.390000000000001	50.24231017857857	10	4	1
INFO:transfers3:	1_2_000000000-A21JK.436_BUSTARD-2012-12-14.fq.gz	130.62722492218018	2.5	52.25088996887207	80	3	2
INFO:transfers3:	1_2_000000000-A21JL.438_BUSTARD-2012-12-17.fq.gz	76.48401832580566	1.73	44.21041521722871	20	6	1
INFO:transfers3:	1_2_000000000-A21K2.431_BUSTARD-2012-12-06.fq.gz	48.27865219116211	1.08	44.7024557325575	30	8	3
INFO:transfers3:	1_2_000000000-A21K4.451_BUSTARD-2013-01-24.fq.gz	81.54342079162598	1.7100000000000002	47.68621098925495	80	6	2
INFO:transfers3:	1_2_000000000-A21K6.444_BUSTARD-2013-01-04.fq.gz	31.025946617126465	0.72	43.09159252378676	15	6	1
INFO:transfers3:	1_2_000000000-A21KB.456_BUSTARD-2013-01-30.fq.gz	73.3179063796997	1.6199999999999999	45.25796690104921	25	6	3
INFO:transfers3:	1_2_000000000-A21KN.426_BUSTARD-2012-11-26.fq.gz	93.54998874664307	2.08	44.97595612819378	50	7	3
INFO:transfers3:	1_2_000000000-A21KW.452_BUSTARD-2013-01-28.fq.gz	149.15472507476807	2.8499999999999996	52.33499125430459	45	3	1
INFO:transfers3:	1_2_000000000-A2215.440_BUSTARD-2012-12-21.fq.gz	152.16523265838623	3.4000000000000004	44.754480193643005	85	8	2
INFO:transfers3:	1_2_000000000-A2257.427_BUSTARD-2012-12-04.fq.gz	84.75574016571045	1.4	60.539814404078896	85	1	1
INFO:transfers3:	1_2_000000000-A225L.449_BUSTARD-2013-01-15.fq.gz	242.932279586792	5.1	47.63378031113569	35	6	3
INFO:transfers3:	1_2_000000000-A225N.425_BUSTARD-2012-11-26.fq.gz	96.57333374023438	2.1500000000000004	44.91782964662063	60	6	3
INFO:transfers3:	1_2_000000000-A225P.429_BUSTARD-2012-12-06.fq.gz	84.11997985839844	1.9000000000000001	44.273673609683385	60	8	2
INFO:transfers3:	1_2_000000000-A28WU.476_BUSTARD-2013-04-26.fq.gz	274.2079620361328	5.58	49.141211834432404	35	5	1
INFO:transfers3:	1_2_000000000-A28Y3.466_BUSTARD-2013-03-11.fq.gz	143.46525859832764	2.64	54.342900984215014	65	2	3
INFO:transfers3:	1_2_000000000-A291V.463_BUSTARD-2013-02-25.fq.gz	150.30695629119873	3.46	43.441316847167265	35	9	3
INFO:transfers3:	1_2_000000000-A29GB.461_BUSTARD-2013-02-21.fq.gz	177.75301265716553	3.3499999999999996	53.060600793183745	10	2	2
INFO:transfers3:	1_2_000000000-A2NYM.505_BUSTARD-2013-06-10.fq.gz	152.8411045074463	2.9800000000000004	51.28896124410949	20	3	3
INFO:transfers3:	1_2_000000000-A2P1P.506_BUSTARD-2013-06-06.fq.gz	180.6133327484131	3.8	47.52982440747713	90	5	3
INFO:transfers3:	1_2_000000000-A2PPG.511_BUSTARD-2013-06-06.fq.gz	171.63982009887695	3.21	53.47034894046011	65	2	1
INFO:transfers3:	1_2_000000000-A35P7.481_BUSTARD-2013-05-06.fq.gz	210.09823417663574	4.44	47.31942211185489	30	6	3
INFO:transfers3:	1_2_000000000-A35PG.484_BUSTARD-2013-05-09.fq.gz	109.72644519805908	2.51	43.71571521835023	90	9	1
INFO:transfers3:	1_2_000000000-A35RV.489_BUSTARD-2013-05-22.fq.gz	96.90445709228516	2.01	48.211172682728936	15	4	2
INFO:transfers3:	1_2_000000000-A363Y.493_BUSTARD-2013-05-31.fq.gz	217.503267288208	3.77	57.69317434700478	20	1	2
INFO:transfers3:	1_2_000000000-A3642.486_BUSTARD-2013-05-13.fq.gz	207.93994998931885	3.6899999999999995	56.35228997000512	15	1	1
INFO:transfers3:	1_2_000000000-A364J.485_BUSTARD-2013-05-13.fq.gz	164.63268089294434	3.17	51.934599650771084	95	3	2
INFO:transfers3:	1_2_000000000-A3653.482_BUSTARD-2013-05-08.fq.gz	86.26814651489258	1.71	50.449208488241275	10	4	2
INFO:transfers3:	1_2_000000000-A365G.483_BUSTARD-2013-05-08.fq.gz	149.3229808807373	3.08	48.481487298940685	20	5	2
INFO:transfers3:	1_2_000000000-A365L.494_BUSTARD-2013-05-31.fq.gz	148.8171329498291	2.7300000000000004	54.5117703112927	30	2	3
INFO:transfers3:	1_2_000000000-A365T.612_BUSTARD-2014-04-21.fq.gz	108.3941822052002	1.9899999999999998	54.46943829407046	10	2	2
INFO:transfers3:	1_2_000000000-A3665.475_BUSTARD-2013-04-25.fq.gz	251.53146266937256	4.69	53.63144193376813	95	2	1
INFO:transfers3:	1_2_000000000-A368C.479_BUSTARD-2013-05-06.fq.gz	121.88205623626709	2.8200000000000003	43.220587317825206	40	9	2
INFO:transfers3:	1_2_000000000-A368W.480_BUSTARD-2013-05-06.fq.gz	216.10375785827637	4.23	51.08835883174382	75	4	3
INFO:transfers3:	1_2_000000000-A3BJF.464_BUSTARD-2013-03-01.fq.gz	167.5849485397339	3.3099999999999996	50.62989381865073	90	4	3
INFO:transfers3:	1_2_000000000-A3RBN.518_BUSTARD-2013-06-18.fq.gz	241.40429019927979	5.16	46.783777170403056	70	7	3
INFO:transfers3:	1_2_000000000-A3RPL.520_BUSTARD-2013-06-19.fq.gz	142.93174743652344	3.0	47.64391581217448	45	5	2
INFO:transfers3:	1_2_000000000-A3RR8.468_BUSTARD-2013-03-20.fq.gz	77.18204402923584	1.75	44.104025159563335	70	6	1
INFO:transfers3:	1_2_000000000-A3RYW.522_BUSTARD-2013-06-24.fq.gz	118.98116207122803	2.46	48.36632604521465	20	5	1
INFO:transfers3:	1_2_000000000-A3T2P.474_BUSTARD-2013-04-12.fq.gz	155.91227054595947	3.13	49.81222701148865	35	4	3
INFO:transfers3:	1_2_000000000-A3T55.472_BUSTARD-2013-04-02.fq.gz	138.40220069885254	3.08	44.935779447679394	90	7	1
INFO:transfers3:	1_2_000000000-A3T74.471_BUSTARD-2013-04-03.fq.gz	131.9151487350464	2.99	44.11877884115263	95	9	3
INFO:transfers3:	1_2_000000000-A3T7C.521_BUSTARD-2013-06-24.fq.gz	119.50594902038574	2.2800000000000002	52.414889921221814	45	3	3
INFO:transfers3:	1_2_000000000-A3T8M.519_BUSTARD-2013-06-19.fq.gz	146.69437885284424	3.1900000000000004	45.985698699951165	90	6	2
INFO:transfers3:	1_2_000000000-A3VYM.517_BUSTARD-2013-06-18.fq.gz	109.98685646057129	2.33	47.20465942513789	65	6	2
INFO:transfers3:	1_2_000000000-A446H.524_BUSTARD-2013-06-26.fq.gz	120.94914245605469	2.6799999999999997	45.1302770358413	15	7	3
INFO:transfers3:	1_2_000000000-A48MP.532_BUSTARD-2013-08-05.fq.gz	174.48903560638428	3.6000000000000005	48.46917655732896	15	5	2
INFO:transfers3:	1_2_000000000-A48VW.533_BUSTARD-2013-08-05.fq.gz	192.05144882202148	4.3999999999999995	43.64805655045944	85	9	2
INFO:transfers3:	1_2_000000000-A4AU9.538_BUSTARD-2013-08-08.fq.gz	167.32011318206787	3.25	51.483111748328575	90	4	1
INFO:transfers3:	1_2_000000000-A4BAY.561_BUSTARD-2013-10-17.fq.gz	79.95332622528076	1.28	62.463536113500595	85	3	2
INFO:transfers3:	1_2_000000000-A4ERW.537_BUSTARD-2013-08-07.fq.gz	151.9510908126831	2.7300000000000004	55.65974022442604	10	1	1
INFO:transfers3:	1_2_000000000-A4FVJ.536_BUSTARD-2013-08-07.fq.gz	140.19453048706055	2.87	48.848268462390436	45	4	3
INFO:transfers3:	1_2_000000000-A4HHR.529_BUSTARD-2013-07-26.fq.gz	48.37558174133301	0.78	62.01997659145257	55	5	2
INFO:transfers3:	1_2_000000000-A4HJL.530_BUSTARD-2013-07-26.fq.gz	53.859819412231445	0.8999999999999999	59.84424379136828	90	2	2
INFO:transfers3:	1_2_000000000-A4KHJ.543_BUSTARD-2013-08-15.fq.gz	162.73570346832275	3.47	46.89789725311895	25	6	2
INFO:transfers3:	1_2_000000000-A4LUY.560_BUSTARD-2013-10-15.fq.gz	112.42075634002686	2.4000000000000004	46.841981808344514	90	5	1
INFO:transfers3:	1_2_000000000-A4LWN.600_BUSTARD-2014-03-31.fq.gz	164.07575702667236	3.53	46.48038442681937	70	8	1
INFO:transfers3:	1_2_000000000-A4LY9.575_BUSTARD-2013-07-27.fq.gz	20.324618339538574	0.35	58.070338112967356	65	2	2
INFO:transfers3:	1_2_000000000-A4LYC.589_BUSTARD-2014-01-22.fq.gz	149.619966506958	3.17	47.19872760471861	70	6	1
INFO:transfers3:	1_2_000000000-A4LYK.559_BUSTARD-2013-10-15.fq.gz	11.158303260803223	0.19999999999999996	55.79151630401613	65	3	1
INFO:transfers3:	1_2_000000000-A4M08.582_BUSTARD-2013-12-19.fq.gz	76.16741275787354	1.63	46.728474084584995	15	6	1
INFO:transfers3:	1_2_000000000-A4M0G.604_BUSTARD-2014-04-03.fq.gz	168.0787534713745	3.42	49.14583434835512	55	5	1
INFO:transfers3:	1_2_000000000-A4M0L.606_BUSTARD-2014-04-04.fq.gz	163.9365587234497	3.53	46.4409514797308	80	7	2
INFO:transfers3:	1_2_000000000-A4M7N.611_BUSTARD-2014-04-21.fq.gz	110.64283752441406	1.9700000000000002	56.16387691594622	95	1	2
INFO:transfers3:	1_2_000000000-A4M7P.601_BUSTARD-2014-03-31.fq.gz	174.1274642944336	3.5999999999999996	48.36874008178712	90	6	2
INFO:transfers3:	1_2_000000000-A4M84.608_BUSTARD-2014-04-15.fq.gz	77.29950046539307	1.53	50.522549323786315	10	2	1
INFO:transfers3:	1_2_000000000-A4M86.542_BUSTARD-2013-08-15.fq.gz	118.03087139129639	2.2	53.650396086952895	60	3	1
INFO:transfers3:	1_2_000000000-A4M8G.602_BUSTARD-2014-04-01.fq.gz	145.8721113204956	2.77	52.66141202905978	90	3	3
INFO:transfers3:	1_2_000000000-A4M9N.613_BUSTARD-2014-04-21.fq.gz	96.10477352142334	1.93	49.79521944115199	35	4	2
INFO:transfers3:	1_2_000000000-A4MTG.570_BUSTARD-2013-11-20.fq.gz	84.65183734893799	1.52	55.69199825588026	85	5	2
INFO:transfers3:	1_2_000000000-A4MU0.571_BUSTARD-2013-11-20.fq.gz	93.46372509002686	1.7499999999999998	53.40784290858678	35	2	1
INFO:transfers3:	1_2_000000000-A4MVG.563_BUSTARD-2013-10-19.fq.gz	25.309385299682617	0.42999999999999994	58.859035580657256	80	5	2
INFO:transfers3:	1_2_000000000-A4N96.528_BUSTARD-2013-07-24.fq.gz	178.73587226867676	3.7	48.30699250504777	30	6	2
INFO:transfers3:	1_2_000000000-A4NCC.581_BUSTARD-2013-12-16.fq.gz	63.15303325653076	1.05	60.14574595860072	95	8	2
INFO:transfers3:	1_2_000000000-A4NDB.574_BUSTARD-2013-11-22.fq.gz	110.33892726898193	2.0999999999999996	52.542346318562835	20	2	1
INFO:transfers3:	1_2_000000000-A4NDP.540_BUSTARD-2013-08-12.fq.gz	75.36062335968018	1.42	53.07086152090154	20	2	2
INFO:transfers3:	1_2_000000000-A4NDT.541_BUSTARD-2013-08-13.fq.gz	54.143287658691406	1.28	42.29944348335266	15	9	1
INFO:transfers3:	1_2_000000000-A4NJT.593_BUSTARD-2014-02-14.fq.gz	154.48333835601807	2.87	53.82694716237563	95	3	2
INFO:transfers3:	1_2_000000000-A4NV0.585_BUSTARD-2014-01-06.fq.gz	158.2263536453247	3.29	48.09311660952119	35	5	1
INFO:transfers3:	1_2_000000000-A4NW9.591_BUSTARD-2014-01-27.fq.gz	1916.0648460388184	40.95	46.790350330618274	55	9	2
INFO:transfers3:	1_2_000000000-A4P6R.573_BUSTARD-2013-11-22.fq.gz	123.62895679473877	2.1799999999999997	56.71053063978843	10	1	3
INFO:transfers3:	1_2_000000000-A4P6T.588_BUSTARD-2014-01-22.fq.gz	212.46124839782715	3.7200000000000006	57.11323881662019	95	1	1
INFO:transfers3:	1_2_000000000-A4P71.580_BUSTARD-2013-12-16.fq.gz	92.58446884155273	1.6300000000000001	56.800287632854435	25	1	1
INFO:transfers3:	1_2_000000000-A4P7L.590_BUSTARD-2014-01-27.fq.gz	1994.8321285247803	40.36	49.42596948772994	95	6	2
INFO:transfers3:	1_2_000000000-A4PAN.587_BUSTARD-2014-01-08.fq.gz	192.65293502807617	4.3100000000000005	44.699056851061755	20	9	1
INFO:transfers3:	1_2_000000000-A4PBU.577_BUSTARD-2013-12-02.fq.gz	93.14687824249268	1.7200000000000002	54.155161768891084	45	2	1
INFO:transfers3:	1_2_000000000-A4PC8.586_BUSTARD-2014-01-06.fq.gz	34.37880802154541	0.56	61.39072860990251	90	6	1
INFO:transfers3:	1_2_000000000-A4RGM.584_BUSTARD-2014-01-02.fq.gz	77.45016670227051	1.76	44.00577653538097	30	8	1
INFO:transfers3:	1_2_000000000-A5591.549_BUSTARD-2013-09-19.fq.gz	83.41933250427246	1.77	47.12956638659461	10	3	1
INFO:transfers3:	1_2_000000000-A6P27.607_BUSTARD-2014-04-11.fq.gz	124.17146015167236	2.78	44.6659928603138	60	8	1
INFO:transfers3:	1_2_000000000-A6P4Y.594_BUSTARD-2014-02-18.fq.gz	1366.7508554458618	24.08	56.758756455392934	65	1	2
INFO:transfers3:	1_2_000000000-A6R1T.639_BUSTARD-2014-06-25.fq.gz	146.30802059173584	3.1799999999999997	46.00881150683517	75	8	1
INFO:transfers3:	1_2_000000000-A74CM.599_BUSTARD-2014-03-10.fq.gz	90.3346176147461	1.9000000000000001	47.54453558670847	25	4	1
INFO:transfers3:	1_2_000000000-A74F5.610_BUSTARD-2014-04-21.fq.gz	121.28480911254883	2.1500000000000004	56.41153912211573	40	1	3
INFO:transfers3:	1_2_000000000-A74KG.595_BUSTARD-2014-02-20.fq.gz	141.00276851654053	3.2	44.063365161418915	75	9	3
INFO:transfers3:	1_2_000000000-A75K5.614_BUSTARD-2014-04-21.fq.gz	130.28421592712402	2.64	49.35008179057728	25	5	3
INFO:transfers3:	1_2_000000000-A75U3.596_BUSTARD-2014-02-20.fq.gz	166.7653350830078	3.23	51.63013470062162	60	4	3
INFO:transfers3:	1_2_000000000-A75U4.576_BUSTARD-2013-12-02.fq.gz	149.7997760772705	3.25	46.09223879300631	85	7	3
INFO:transfers3:	1_2_000000000-A77MF.615_BUSTARD-2014-04-23.fq.gz	89.09108924865723	1.6300000000000001	54.65710996850136	15	2	2
INFO:transfers3:	1_2_000000000-A7HDL.636_BUSTARD-2014-06-23.fq.gz	163.5774278640747	3.79	43.16027120424135	85	9	2
INFO:transfers3:	1_2_000000000-A7K8C.625_BUSTARD-2014-06-02.fq.gz	82.36600494384766	1.8	45.75889163547092	60	5	2
INFO:transfers3:	1_2_000000000-A908M.629_BUSTARD-2014-06-11.fq.gz	92.84282875061035	2.12	43.79378714651431	60	7	3
INFO:transfers3:	1_2_000000000-A908W.620_BUSTARD-2014-05-12.fq.gz	117.74502277374268	2.7	43.609267693978765	15	9	3
INFO:transfers3:	1_2_000000000-A909H.621_BUSTARD-2014-05-12.fq.gz	218.39971446990967	4.17	52.37403224698074	85	3	1
INFO:transfers3:	1_2_000000000-A90A2.635_BUSTARD-2014-06-18.fq.gz	145.15231323242188	3.12	46.52317731808393	15	9	3
INFO:transfers3:	1_2_000000000-A90BM.640_BUSTARD-2014-07-02.fq.gz	130.88466453552246	3.0300000000000002	43.19625892261467	95	9	2
INFO:transfers3:	1_2_000000000-A90BP.628_BUSTARD-2014-06-09.fq.gz	62.324585914611816	1.02	61.102535210403744	65	2	2
INFO:transfers3:	1_2_000000000-A90BR.626_BUSTARD-2014-06-05.fq.gz	1166.30153465271	21.46	54.34769499779636	65	3	1
INFO:transfers3:	1_2_000000000-A90BT.632_BUSTARD-2014-06-16.fq.gz	118.26769542694092	2.6900000000000004	43.965686032320036	10	7	1
INFO:transfers3:	1_2_000000000-A90C1.634_BUSTARD-2014-06-19.fq.gz	151.2406768798828	3.0	50.41355895996094	55	4	2
INFO:transfers3:	1_2_000000000-A90CB.622_BUSTARD-2014-05-19.fq.gz	184.42463970184326	3.91	47.167427033719505	90	7	1
INFO:transfers3:	1_2_000000000-A90CC.619_BUSTARD-2014-05-09.fq.gz	109.94085025787354	2.34	46.983269340971596	10	6	3
INFO:transfers3:	1_2_000000000-A90FW.633_BUSTARD-2014-06-17.fq.gz	184.16810035705566	4.16	44.27117797044607	40	8	3
INFO:transfers3:	1_2_000000000-A90G2.627_BUSTARD-2014-06-09.fq.gz	55.6688928604126	0.9199999999999999	60.509666152622394	80	8	1
INFO:transfers3:	1_2_000000000-A90N6.637_BUSTARD-2013-06-23.fq.gz	128.53858184814453	2.4899999999999998	51.621920420941585	40	3	1
INFO:transfers3:	1_2_000000000-A9U2P.650_BUSTARD-2014-08-08.fq.gz	94.72843837738037	2.08	45.542518450663636	70	7	1
INFO:transfers3:	1_2_000000000-A9UA1.647_BUSTARD-2014-07-28.fq.gz	118.10364723205566	2.41	49.00566275189031	80	5	3
INFO:transfers3:	1_2_000000000-A9WET.643_BUSTARD-2014-07-11.fq.gz	108.67640018463135	1.9999999999999998	54.33820009231568	85	2	3
INFO:transfers3:	1_2_000000000-A9WRR.648_BUSTARD-2014-08-01.fq.gz	2465.4940910339355	51.61	47.771635168260715	80	6	1
INFO:transfers3:	1_2_000000000-A9WVT.653_BUSTARD-2014-08-25.fq.gz	50.578749656677246	1.16	43.60237039368728	35	8	1
INFO:transfers3:	1_2_000000000-A9YJ5.655_BUSTARD-2014-09-09.fq.gz	76.32084274291992	1.76	43.36411519484086	70	8	3
INFO:transfers3:	1_2_000000000-AA07F.656_BUSTARD-2014-09-12.fq.gz	1656.0230951309204	31.939999999999998	51.847936603973714	70	4	2
INFO:transfers3:	1_2_000000000-AA2GM.679_BUSTARD-2014-10-22.fq.gz	2261.1747884750366	41.370000000000005	54.657355293087655	95	3	3
INFO:transfers3:	1_2_000000000-AA2HH.646_BUSTARD-2014-07-24.fq.gz	62.80624961853027	1.05	59.81547582717169	65	9	2
INFO:transfers3:	1_2_000000000-AA2J2.649_BUSTARD-2014-08-01.fq.gz	133.38343811035156	2.8200000000000003	47.299091528493456	20	6	1
INFO:transfers3:	1_2_000000000-AA2JJ.681_BUSTARD-2014-10-27.fq.gz	169.80602645874023	3.78	44.922229221888955	70	8	2
INFO:transfers3:	1_2_000000000-AA2JK.658_BUSTARD-2014-09-17.fq.gz	95.50681686401367	2.14	44.629353674772744	95	6	1
INFO:transfers3:	1_2_000000000-AA2K7.676_BUSTARD-2014-10-17.fq.gz	93.20492458343506	1.55	60.13220940866778	95	9	1
INFO:transfers3:	1_2_000000000-AA8U4.671_BUSTARD-2014-10-07.fq.gz	142.18848037719727	2.9299999999999997	48.52849159631307	70	5	1
INFO:transfers3:	1_2_000000000-AA8UD.673_BUSTARD-2014-10-10.fq.gz	70.69582843780518	1.19	59.408259191432926	80	7	3
INFO:transfers3:	1_2_000000000-AA8UK.669_BUSTARD-2014-10-03.fq.gz	114.36195278167725	2.7	42.356278808028605	95	7	2
INFO:transfers3:	1_2_000000000-AA8V3.670_BUSTARD-2014-10-06.fq.gz	133.07374000549316	2.4899999999999998	53.443269078511314	80	1	3
INFO:transfers3:	1_2_000000000-AA90E.672_BUSTARD-2014-10-10.fq.gz	51.23286056518555	1.16	44.16625910791858	20	6	1
INFO:transfers3:	1_2_000000000-AAELL.660_BUSTARD-2014-09-17.fq.gz	1513.952434539795	30.209999999999997	50.114281183045186	60	5	1
INFO:transfers3:	1_2_000000000-AAERL.664_BUSTARD-2014-09-30.fq.gz	150.33442974090576	3.29	45.694355544348255	90	5	1
INFO:transfers3:	1_2_000000000-AAEUT.667_BUSTARD-2014-10-01.fq.gz	122.5381031036377	2.7	45.38448263097692	15	6	1
INFO:transfers3:	1_2_000000000-AAKFH.703_BUSTARD-2015-01-02.fq.gz	294.54438972473145	5.49	53.651072809605	70	2	3
INFO:transfers3:	1_2_000000000-AATPA.692_BUSTARD-2014-12-03.fq.gz	42.963011741638184	0.74	58.05812397518674	95	9	1
INFO:transfers3:	1_2_000000000-AAV0D.704_BUSTARD-2015-01-21.fq.gz	159.44614601135254	3.29	48.46387416758436	90	5	1
INFO:transfers3:	1_2_000000000-AAV0E.694_BUSTARD-2014-12-15.fq.gz	202.56964015960693	4.13	49.0483390216966	90	5	3
INFO:transfers3:	1_2_000000000-AAV0H.683_BUSTARD-2014-10-27.fq.gz	2125.263138771057	45.25	46.967141188310656	40	9	2
INFO:transfers3:	1_2_000000000-AAV0K.691_BUSTARD-2014-12-01.fq.gz	103.46920490264893	2.26	45.78283402772077	15	6	3
INFO:transfers3:	1_2_000000000-AAV2N.687_BUSTARD-2014-11-17.fq.gz	136.80124187469482	2.9699999999999998	46.06102420023395	60	9	1
INFO:transfers3:	1_2_000000000-AAV2T.686_BUSTARD-2014-11-10.fq.gz	87.85790824890137	1.53	57.42346944372638	70	1	1
INFO:transfers3:	1_2_000000000-AAV3A.684_BUSTARD-2014-11-03.fq.gz	2056.156611442566	43.230000000000004	47.56318786589326	10	7	2
INFO:transfers3:	1_2_000000000-AAV3J.688_BUSTARD-2014-11-17.fq.gz	61.4256649017334	1.02	60.22124009973862	70	3	2
INFO:transfers3:	1_2_000000000-AAV3V.680_BUSTARD-2014-10-27.fq.gz	175.11743259429932	3.6900000000000004	47.45729880604317	15	6	2
INFO:transfers3:	1_2_000000000-AAV7P.690_BUSTARD-2014-11-21.fq.gz	39.476685523986816	0.6499999999999999	60.73336234459511	70	1	2
INFO:transfers3:	1_2_000000000-AAV8N.682_BUSTARD-2014-10-29.fq.gz	2218.5074586868286	40.260000000000005	55.10450717056205	80	2	3
INFO:transfers3:	1_2_000000000-AAVA0.689_BUSTARD-2014-11-20.fq.gz	86.67400550842285	1.9200000000000002	45.142711202303566	70	7	3
INFO:transfers3:	1_2_000000000-AAVFE.729_BUSTARD-2015-03-20.fq.gz	230.66844940185547	4.66	49.499667253617055	90	4	2
INFO:transfers3:	1_2_000000000-ABP0F.743_BUSTARD-2015-05-07.fq.gz	199.73325634002686	3.78	52.839485804239914	25	3	2
INFO:transfers3:	1_2_000000000-ABP5A.759_BUSTARD-2015-07-23.fq.gz	193.01147365570068	4.460000000000001	43.276115169439606	30	9	2
INFO:transfers3:	1_2_000000000-ABT5M.696_BUSTARD-2014-12-17.fq.gz	203.85379695892334	4.050000000000001	50.334270854055134	80	4	3
INFO:transfers3:	1_2_000000000-ACCKP.762_BUSTARD-2015-08-24.fq.gz	2446.062232017517	51.09	47.87751481733249	30	8	1
INFO:transfers3:	1_2_000000000-ACUGM.701_BUSTARD-2014-12-23.fq.gz	155.73572826385498	3.6400000000000006	42.78454073182829	75	8	1
INFO:transfers3:	1_2_000000000-ACVUD.720_BUSTARD-2015-02-20.fq.gz	143.51302433013916	3.1100000000000003	46.145666987183006	10	8	2
INFO:transfers3:	1_2_000000000-ACY0Y.734_BUSTARD-2015-03-24.fq.gz	249.83978748321533	4.42	56.52483879710754	75	1	2
INFO:transfers3:	1_2_000000000-ADENY.726_BUSTARD-2015-03-09.fq.gz	2148.3786659240723	43.830000000000005	49.01616851298362	25	7	2
INFO:transfers3:	1_2_000000000-ADEPJ.731_BUSTARD-2015-03-20.fq.gz	236.63294506072998	4.09	57.85646578501956	75	1	2
INFO:transfers3:	1_2_000000000-ADEPY.709_BUSTARD-2015-02-03.fq.gz	60.3387508392334	1.35	44.695370992024735	40	5	1
INFO:transfers3:	1_2_000000000-ADER6.713_BUSTARD-2015-02-10.fq.gz	246.2562770843506	4.91	50.15402791941967	60	5	2
INFO:transfers3:	1_2_000000000-ADETG.736_BUSTARD-2015-04-07.fq.gz	212.9886302947998	4.359999999999999	48.850603278623815	65	5	3
INFO:transfers3:	1_2_000000000-ADF1K.710_BUSTARD-2015-02-03.fq.gz	138.5502119064331	2.7	51.314893298678925	50	4	1
INFO:transfers3:	1_2_000000000-ADF1N.735_BUSTARD-2015-03-25.fq.gz	147.16216659545898	3.2199999999999998	45.702536209769875	80	6	3
INFO:transfers3:	1_2_000000000-ADFN5.712_BUSTARD-2015-02-09.fq.gz	99.4001407623291	2.08	47.78852921265822	40	4	3
INFO:transfers3:	1_2_000000000-ADFN9.738_BUSTARD-2015-04-14.fq.gz	259.3454866409302	5.74	45.18214052977878	55	8	3
INFO:transfers3:	1_2_000000000-ADFNM.728_BUSTARD-2015-03-17.fq.gz	212.60017681121826	3.8100000000000005	55.800571341527096	85	2	3
INFO:transfers3:	1_2_000000000-ADFRK.732_BUSTARD-2015-03-24.fq.gz	148.4524736404419	2.7800000000000002	53.400170374259666	70	3	3
INFO:transfers3:	1_2_000000000-ADFTN.725_BUSTARD-2015-03-09.fq.gz	2119.359815597534	37.519999999999996	56.486135810168825	30	1	1
INFO:transfers3:	1_2_000000000-ADFTW.711_BUSTARD-2015-02-06.fq.gz	203.03568744659424	4.029999999999999	50.381063882529595	20	4	1
INFO:transfers3:	1_2_000000000-ADFU0.707_BUSTARD-2015-01-29.fq.gz	174.10167407989502	3.1	56.16183034835323	15	1	1
INFO:transfers3:	1_2_000000000-ADFUF.733_BUSTARD-2015-03-24.fq.gz	121.51938152313232	2.2199999999999998	54.73846014555511	35	2	2
INFO:transfers3:	1_2_000000000-ADFYA.718_BUSTARD-2015-02-13.fq.gz	253.9202356338501	5.34	47.550605923941966	75	7	1
INFO:transfers3:	1_2_000000000-ADG0E.719_BUSTARD-2015-02-13.fq.gz	216.81831645965576	4.69	46.229918221675	55	8	3
INFO:transfers3:	1_2_000000000-AE7AY.739_BUSTARD-2015-04-24.fq.gz	197.0325632095337	4.12	47.82343767221691	50	6	2
INFO:transfers3:	1_2_000000000-AEUAN.740_BUSTARD-2015-04-29.fq.gz	243.91773223876953	4.470000000000001	54.56772533305805	80	2	2
INFO:transfers3:	1_2_000000000-AEUAU.741_BUSTARD-2015-04-29.fq.gz	328.14891624450684	7.140000000000001	45.95923196701776	60	9	2
INFO:transfers3:	1_2_000000000-AEUBN.742_BUSTARD-2015-05-04.fq.gz	286.6343879699707	6.44	44.50844533695197	30	9	3
INFO:transfers3:	1_2_000000000-AFPVV.744_BUSTARD-2015-05-08.fq.gz	225.56824779510498	4.57	49.35847872978227	55	5	3
INFO:transfers3:	1_2_000000000-AFR8D.746_BUSTARD-2015-05-13.fq.gz	305.95323944091797	6.42	47.65626782568816	70	7	3
